311.1807 0.000000e+00
311.2971 0.000000e+00
311.4135 0.000000e+00
311.5299 0.000000e+00
311.6462 0.000000e+00
311.7625 0.000000e+00
311.8789 0.000000e+00
311.9952 0.000000e+00
312.1115 0.000000e+00
312.2275 0.000000e+00
312.3438 0.000000e+00
312.4600 0.000000e+00
312.5763 0.000000e+00
312.6924 9.736100e+13
312.8087 9.315830e+13
312.9248 9.897120e+13
313.0410 9.591950e+13
313.1572 9.495790e+13
313.2733 9.371520e+13
313.3894 8.997810e+13
313.5055 9.893870e+13
313.6216 9.910540e+13
313.7377 1.147230e+14
313.8537 1.195810e+14
313.9698 1.157490e+14
314.0858 1.199730e+14
314.2018 1.071690e+14
314.3178 7.755550e+13
314.4338 6.453390e+13
314.5498 7.518510e+13
314.6657 8.071500e+13
314.7817 9.331030e+13
314.8976 1.090980e+14
315.0135 1.074790e+14
315.1294 1.123380e+14
315.2453 1.114080e+14
315.3612 1.119230e+14
315.4770 1.069720e+14
315.5929 1.031450e+14
315.7087 8.462040e+13
315.8245 7.164350e+13
315.9403 6.491930e+13
316.0561 6.518330e+13
316.1718 7.134190e+13
316.2876 8.662900e+13
316.4033 9.385440e+13
316.5190 9.907800e+13
316.6347 1.010210e+14
316.7504 1.075330e+14
316.8661 1.052110e+14
316.9818 1.168220e+14
317.0974 1.304800e+14
317.2130 1.398390e+14
317.3287 1.411040e+14
317.4443 1.347790e+14
317.5598 1.331310e+14
317.6754 1.365790e+14
317.7910 1.228790e+14
317.9066 1.015700e+14
318.0221 8.450510e+13
318.1376 7.786330e+13
318.2531 8.246010e+13
318.3686 8.934260e+13
318.4841 9.730990e+13
318.5995 1.067280e+14
318.7150 1.121860e+14
318.8304 1.187850e+14
318.9458 1.314270e+14
319.0612 1.246170e+14
319.1766 1.074630e+14
319.2920 8.694520e+13
319.4073 8.880990e+13
319.5227 9.791120e+13
319.6381 1.041240e+14
319.7534 1.089760e+14
319.8687 1.266480e+14
319.9839 1.270100e+14
320.0992 1.218050e+14
320.2145 1.219400e+14
320.3297 1.264420e+14
320.4450 1.355430e+14
320.5602 1.374890e+14
320.6754 1.394250e+14
320.7906 1.364830e+14
320.9058 1.230120e+14
321.0209 1.073020e+14
321.1361 9.446960e+13
321.2513 8.883140e+13
321.3663 8.603920e+13
321.4814 8.735230e+13
321.5966 9.915950e+13
321.7116 1.041200e+14
321.8267 1.140790e+14
321.9417 1.265070e+14
322.0568 1.325260e+14
322.1718 1.251110e+14
322.2868 1.069330e+14
322.4018 1.090180e+14
322.5168 1.148330e+14
322.6318 1.011260e+14
322.7467 9.325990e+13
322.8617 8.726440e+13
322.9766 8.049950e+13
323.0915 8.798830e+13
323.2064 1.067840e+14
323.3213 1.132230e+14
323.4362 1.002040e+14
323.5511 9.533740e+13
323.6659 9.615660e+13
323.7808 1.043640e+14
323.8956 1.124160e+14
324.0103 1.104860e+14
324.1252 1.267780e+14
324.2400 1.274360e+14
324.3547 1.224700e+14
324.4695 1.214360e+14
324.5842 1.327670e+14
324.6989 1.371630e+14
324.8137 1.167510e+14
324.9283 1.099440e+14
325.0430 1.173590e+14
325.1577 1.192710e+14
325.2724 1.262050e+14
325.3870 1.278180e+14
325.5016 1.337170e+14
325.6162 1.599700e+14
325.7309 1.614890e+14
325.8455 1.564000e+14
325.9601 1.689530e+14
326.0746 1.711640e+14
326.1891 1.607540e+14
326.3037 1.622730e+14
326.4182 1.570550e+14
326.5327 1.357870e+14
326.6472 1.480730e+14
326.7617 1.666770e+14
326.8762 1.672720e+14
326.9907 1.633810e+14
327.1051 1.520600e+14
327.2195 1.363790e+14
327.3340 1.525450e+14
327.4484 1.558470e+14
327.5628 1.616120e+14
327.6772 1.532790e+14
327.7915 1.448700e+14
327.9059 1.486820e+14
328.0202 1.391540e+14
328.1346 1.482000e+14
328.2489 1.457300e+14
328.3632 1.388890e+14
328.4775 1.517440e+14
328.5918 1.438610e+14
328.7060 1.205790e+14
328.8203 1.153690e+14
328.9345 1.362630e+14
329.0488 1.661430e+14
329.1630 1.669620e+14
329.2772 1.596510e+14
329.3914 1.716680e+14
329.5056 1.776860e+14
329.6197 1.652840e+14
329.7339 1.724830e+14
329.8480 1.706760e+14
329.9621 1.644290e+14
330.0762 1.902680e+14
330.1903 1.907790e+14
330.3044 1.499700e+14
330.4185 1.502240e+14
330.5326 1.559890e+14
330.6466 1.268510e+14
330.7607 1.176040e+14
330.8747 1.468850e+14
330.9887 1.585950e+14
331.1027 1.555460e+14
331.2167 1.591000e+14
331.3307 1.473560e+14
331.4446 1.413820e+14
331.5586 1.292700e+14
331.6725 1.470140e+14
331.7864 1.571240e+14
331.9004 1.624620e+14
332.0143 1.581440e+14
332.1282 1.512670e+14
332.2420 1.492450e+14
332.3559 1.190580e+14
332.4698 1.286340e+14
332.5836 1.587000e+14
332.6974 1.683540e+14
332.8112 1.468830e+14
332.9250 1.454840e+14
333.0388 1.262580e+14
333.1526 1.539400e+14
333.2664 1.538830e+14
333.3801 1.614730e+14
333.4939 1.509130e+14
333.6076 1.278700e+14
333.7213 1.093820e+14
333.8350 1.331290e+14
333.9487 1.532960e+14
334.0624 1.473900e+14
334.1761 1.535280e+14
334.2897 1.377960e+14
334.4034 1.591990e+14
334.5170 1.700060e+14
334.6306 1.707460e+14
334.7442 1.681440e+14
334.8578 1.637000e+14
334.9714 1.198650e+14
335.0850 1.209720e+14
335.1986 1.697520e+14
335.3121 1.745920e+14
335.4257 1.667370e+14
335.5392 1.674340e+14
335.6527 1.869040e+14
335.7662 1.787670e+14
335.8797 1.576080e+14
335.9932 1.037990e+14
336.1066 7.948030e+13
336.2201 7.502270e+13
336.3335 1.234580e+14
336.4470 1.578730e+14
336.5604 1.759570e+14
336.6738 1.623390e+14
336.7872 1.355070e+14
336.9006 1.220730e+14
337.0139 1.069290e+14
337.1273 1.168810e+14
337.2407 1.147690e+14
337.3540 1.082680e+14
337.4673 1.365790e+14
337.5807 1.589060e+14
337.6940 1.832120e+14
337.8072 1.815680e+14
337.9205 1.564830e+14
338.0338 1.232960e+14
338.1471 9.824960e+13
338.2603 1.539870e+14
338.3735 1.527760e+14
338.4868 1.430530e+14
338.6000 1.648790e+14
338.7132 1.789080e+14
338.8264 1.558260e+14
338.9395 1.426060e+14
339.0527 1.829100e+14
339.1659 1.594700e+14
339.2790 1.324800e+14
339.3922 1.094110e+14
339.5053 1.359050e+14
339.6184 1.554620e+14
339.7315 1.626330e+14
339.8446 1.743210e+14
339.9576 1.746770e+14
340.0707 1.919260e+14
340.1837 1.942280e+14
340.2968 1.650750e+14
340.4099 1.662790e+14
340.5229 1.554280e+14
340.6359 1.577910e+14
340.7489 1.527180e+14
340.8619 1.376210e+14
340.9749 1.481680e+14
341.0878 1.451590e+14
341.2007 1.681650e+14
341.3137 1.608850e+14
341.4266 1.226060e+14
341.5396 1.050700e+14
341.6525 1.336450e+14
341.7654 1.537970e+14
341.8783 1.486780e+14
341.9911 1.718580e+14
342.1040 1.832880e+14
342.2169 1.684990e+14
342.3297 1.476020e+14
342.4426 1.292730e+14
342.5554 1.493490e+14
342.6682 1.680330e+14
342.7810 1.381250e+14
342.8938 1.506350e+14
343.0066 1.794180e+14
343.1193 1.928140e+14
343.2321 1.680570e+14
343.3448 1.448120e+14
343.4576 1.262010e+14
343.5703 1.795170e+14
343.6830 1.710220e+14
343.7957 1.456790e+14
343.9084 1.432320e+14
344.0211 1.399710e+14
344.1338 8.231300e+13
344.2465 8.005040e+13
344.3591 1.015370e+14
344.4718 9.724640e+13
344.5844 1.288930e+14
344.6970 1.206260e+14
344.8096 1.340830e+14
344.9222 1.542820e+14
345.0348 1.551260e+14
345.1474 1.827120e+14
345.2599 1.638570e+14
345.3725 1.296780e+14
345.4851 1.603240e+14
345.5976 1.831090e+14
345.7101 1.614230e+14
345.8227 1.557910e+14
345.9352 1.296940e+14
346.0476 1.312570e+14
346.1601 1.206390e+14
346.2726 1.194070e+14
346.3851 1.555900e+14
346.4975 1.756680e+14
346.6100 1.584650e+14
346.7224 1.291570e+14
346.8348 1.669120e+14
346.9472 1.743650e+14
347.0597 1.690980e+14
347.1721 1.892320e+14
347.2845 1.539430e+14
347.3968 1.463680e+14
347.5092 1.375600e+14
347.6215 1.136230e+14
347.7339 1.071120e+14
347.8462 1.362960e+14
347.9585 1.657240e+14
348.0708 1.671640e+14
348.1832 1.625540e+14
348.2955 1.615030e+14
348.4077 1.392820e+14
348.5200 1.406270e+14
348.6323 1.439560e+14
348.7445 1.748160e+14
348.8568 1.887300e+14
348.9690 1.473010e+14
349.0812 1.217310e+14
349.1935 1.190490e+14
349.3057 1.466440e+14
349.4178 1.235960e+14
349.5300 1.664420e+14
349.6422 1.470750e+14
349.7544 1.227460e+14
349.8665 1.203170e+14
349.9787 1.739400e+14
350.0908 1.966430e+14
350.2029 1.830930e+14
350.3150 1.841040e+14
350.4272 2.061470e+14
350.5393 1.965240e+14
350.6514 1.675320e+14
350.7634 1.667710e+14
350.8755 1.873100e+14
350.9875 1.876870e+14
351.0996 1.502530e+14
351.2117 1.592790e+14
351.3237 1.611970e+14
351.4357 1.384730e+14
351.5477 1.270940e+14
351.6597 1.520220e+14
351.7717 1.879210e+14
351.8837 2.059510e+14
351.9957 1.901770e+14
352.1076 1.691670e+14
352.2196 1.471620e+14
352.3315 1.548710e+14
352.4435 1.383680e+14
352.5554 1.081100e+14
352.6673 1.192740e+14
352.7792 1.117250e+14
352.8911 1.653440e+14
353.0030 1.850460e+14
353.1149 1.725210e+14
353.2267 1.778890e+14
353.3386 1.492590e+14
353.4505 1.644420e+14
353.5623 1.974160e+14
353.6742 1.805970e+14
353.7860 1.733090e+14
353.8978 1.705800e+14
354.0096 2.053340e+14
354.1214 1.958150e+14
354.2332 1.613120e+14
354.3450 1.704290e+14
354.4568 1.927860e+14
354.5685 1.973720e+14
354.6803 1.850130e+14
354.7920 1.959620e+14
354.9037 1.694210e+14
355.0154 1.952080e+14
355.1272 1.972850e+14
355.2389 1.857380e+14
355.3506 1.764360e+14
355.4622 1.562810e+14
355.5739 1.451320e+14
355.6856 1.824970e+14
355.7973 1.740170e+14
355.9089 1.682810e+14
356.0206 1.561450e+14
356.1322 1.743690e+14
356.2439 1.769240e+14
356.3555 1.981580e+14
356.4671 1.987280e+14
356.5787 1.331150e+14
356.6903 9.446630e+13
356.8019 1.346200e+14
356.9134 1.583860e+14
357.0250 1.146030e+14
357.1366 9.021360e+13
357.2481 1.315640e+14
357.3596 1.455250e+14
357.4712 1.550170e+14
357.5827 1.530920e+14
357.6942 1.631700e+14
357.8057 1.721460e+14
357.9172 1.453150e+14
358.0287 1.281360e+14
358.1402 1.062320e+14
358.2517 7.211360e+13
358.3631 1.090530e+14
358.4746 1.286130e+14
358.5861 9.916250e+13
358.6975 8.562030e+13
358.8089 1.006720e+14
358.9203 1.231210e+14
359.0318 1.324950e+14
359.1431 1.584440e+14
359.2545 1.947860e+14
359.3659 1.798730e+14
359.4773 1.597560e+14
359.5887 1.835970e+14
359.7000 2.013660e+14
359.8114 2.072040e+14
359.9228 1.953230e+14
360.0341 1.998010e+14
360.1454 2.198910e+14
360.2567 2.015850e+14
360.3681 1.571470e+14
360.4794 1.567100e+14
360.5907 1.516810e+14
360.7019 1.493760e+14
360.8132 1.684500e+14
360.9245 1.368210e+14
361.0358 1.076890e+14
361.1470 1.358250e+14
361.2583 1.729440e+14
361.3695 1.692190e+14
361.4807 1.514100e+14
361.5920 1.794410e+14
361.7032 1.923750e+14
361.8144 1.666740e+14
361.9256 1.103690e+14
362.0368 9.131140e+13
362.1480 1.430620e+14
362.2592 1.605160e+14
362.3703 1.914070e+14
362.4815 1.743870e+14
362.5927 1.804250e+14
362.7038 2.219410e+14
362.8149 2.288890e+14
362.9261 2.160510e+14
363.0372 2.097290e+14
363.1483 1.528170e+14
363.2594 9.999810e+13
363.3705 1.419490e+14
363.4816 1.637910e+14
363.5927 1.496530e+14
363.7038 1.768750e+14
363.8148 1.769330e+14
363.9259 1.896870e+14
364.0369 2.110330e+14
364.1480 2.115290e+14
364.2590 2.014180e+14
364.3701 1.877710e+14
364.4811 1.747200e+14
364.5921 1.579250e+14
364.7031 1.666030e+14
364.8141 1.566310e+14
364.9251 1.297780e+14
365.0361 1.606430e+14
365.1470 1.706730e+14
365.2580 1.845690e+14
365.3690 2.158200e+14
365.4799 2.140490e+14
365.5909 2.088370e+14
365.7018 2.072350e+14
365.8128 2.243950e+14
365.9237 2.203020e+14
366.0346 2.369560e+14
366.1455 2.206850e+14
366.2564 2.282310e+14
366.3673 2.123380e+14
366.4782 1.977880e+14
366.5891 2.030710e+14
366.7000 2.183120e+14
366.8108 1.994940e+14
366.9217 2.093210e+14
367.0325 1.807890e+14
367.1434 1.847780e+14
367.2542 2.207810e+14
367.3651 2.314740e+14
367.4759 2.098430e+14
367.5867 2.142240e+14
367.6975 2.226060e+14
367.8083 1.902040e+14
367.9191 1.731260e+14
368.0299 1.828360e+14
368.1407 1.603320e+14
368.2514 1.898110e+14
368.3622 1.938990e+14
368.4730 2.075600e+14
368.5837 1.954740e+14
368.6945 1.725540e+14
368.8052 1.627630e+14
368.9160 1.559170e+14
369.0267 1.867340e+14
369.1374 2.146010e+14
369.2481 2.409320e+14
369.3588 2.339930e+14
369.4695 1.958800e+14
369.5802 2.025530e+14
369.6909 2.114090e+14
369.8016 2.092840e+14
369.9123 2.211350e+14
370.0229 2.416600e+14
370.1335 2.483190e+14
370.2442 2.279310e+14
370.3549 2.230180e+14
370.4655 1.939450e+14
370.5761 1.614960e+14
370.6867 1.418070e+14
370.7974 1.661420e+14
370.9080 1.603490e+14
371.0186 1.613780e+14
371.1292 1.907870e+14
371.2398 2.219650e+14
371.3504 2.362290e+14
371.4609 2.593920e+14
371.5715 2.662520e+14
371.6821 2.370000e+14
371.7927 2.345090e+14
371.9032 2.199270e+14
372.0137 1.590880e+14
372.1243 1.069660e+14
372.2348 1.245570e+14
372.3453 1.365380e+14
372.4558 1.905450e+14
372.5664 2.180470e+14
372.6769 2.401290e+14
372.7874 2.056420e+14
372.8979 1.683690e+14
373.0084 2.268370e+14
373.1189 2.206490e+14
373.2293 1.925700e+14
373.3398 1.763830e+14
373.4503 1.273990e+14
373.5607 9.811380e+13
373.6711 1.009760e+14
373.7816 1.156030e+14
373.8921 1.400720e+14
374.0025 1.949450e+14
374.1129 2.189960e+14
374.2233 2.363250e+14
374.3337 2.087870e+14
374.4442 1.647310e+14
374.5545 1.598290e+14
374.6649 1.310990e+14
374.7754 1.378590e+14
374.8857 1.398360e+14
374.9961 9.677710e+13
375.1065 1.161770e+14
375.2169 1.830020e+14
375.3272 2.199120e+14
375.4376 2.248310e+14
375.5479 2.547840e+14
375.6583 2.706370e+14
375.7686 2.393340e+14
375.8789 1.578040e+14
375.9892 1.374060e+14
376.0996 1.897730e+14
376.2099 2.104670e+14
376.3202 2.058330e+14
376.4305 1.907130e+14
376.5408 1.829900e+14
376.6511 2.190610e+14
376.7614 1.863810e+14
376.8716 1.717000e+14
376.9819 2.134980e+14
377.0922 2.055580e+14
377.2024 1.919360e+14
377.3127 2.290260e+14
377.4229 2.500490e+14
377.5332 2.446600e+14
377.6434 2.395380e+14
377.7537 2.435160e+14
377.8639 2.495300e+14
377.9741 2.421850e+14
378.0843 2.643660e+14
378.1945 2.764080e+14
378.3047 2.638370e+14
378.4149 2.692930e+14
378.5251 2.812540e+14
378.6353 2.625840e+14
378.7455 1.977830e+14
378.8557 2.028670e+14
378.9659 1.976350e+14
379.0760 1.873290e+14
379.1862 2.038650e+14
379.2964 2.270420e+14
379.4065 2.020030e+14
379.5166 1.848670e+14
379.6268 1.731130e+14
379.7369 1.892210e+14
379.8470 1.622430e+14
379.9572 1.444660e+14
380.0673 1.688750e+14
380.1774 2.166640e+14
380.2875 2.190720e+14
380.3976 2.438020e+14
380.5077 2.558590e+14
380.6178 2.409490e+14
380.7279 2.226480e+14
380.8380 1.973600e+14
380.9481 2.293730e+14
381.0582 2.511150e+14
381.1682 2.586450e+14
381.2783 2.423770e+14
381.3883 2.090590e+14
381.4984 1.760170e+14
381.6084 1.633900e+14
381.7185 1.428700e+14
381.8285 1.936980e+14
381.9386 2.041740e+14
382.0486 1.618500e+14
382.1586 1.141880e+14
382.2686 1.547800e+14
382.3787 1.949120e+14
382.4886 1.646710e+14
382.5987 1.195390e+14
382.7086 1.084440e+14
382.8187 1.234660e+14
382.9286 1.235920e+14
383.0386 1.332560e+14
383.1486 1.483870e+14
383.2586 1.346410e+14
383.3685 1.021450e+14
383.4785 1.103840e+14
383.5885 1.195550e+14
383.6985 1.428160e+14
383.8084 1.387050e+14
383.9183 1.082030e+14
384.0283 1.088890e+14
384.1382 1.195380e+14
384.2481 1.419220e+14
384.3581 2.008800e+14
384.4680 2.014650e+14
384.5779 2.102730e+14
384.6878 2.027160e+14
384.7977 2.078280e+14
384.9077 2.243470e+14
385.0175 1.998310e+14
385.1274 1.668210e+14
385.2373 1.999540e+14
385.3472 2.226750e+14
385.4571 1.989430e+14
385.5670 1.837150e+14
385.6768 1.767560e+14
385.7867 1.671580e+14
385.8966 1.746850e+14
386.0064 1.280250e+14
386.1163 1.152800e+14
386.2262 1.559620e+14
386.3360 2.171610e+14
386.4459 2.338040e+14
386.5557 2.179950e+14
386.6656 1.985570e+14
386.7754 2.055830e+14
386.8852 1.994360e+14
386.9950 1.916700e+14
387.1049 1.676180e+14
387.2146 1.393450e+14
387.3245 1.396490e+14
387.4343 1.692840e+14
387.5441 2.195840e+14
387.6539 2.382350e+14
387.7637 2.153220e+14
387.8735 1.748980e+14
387.9832 1.506850e+14
388.0930 1.934020e+14
388.2028 1.855440e+14
388.3126 1.595790e+14
388.4224 1.697830e+14
388.5321 2.203920e+14
388.6419 1.875480e+14
388.7516 1.465320e+14
388.8614 1.665570e+14
388.9711 1.638730e+14
389.0809 1.748370e+14
389.1906 2.210800e+14
389.3004 2.424540e+14
389.4101 2.377800e+14
389.5198 2.319780e+14
389.6296 2.231890e+14
389.7393 2.356740e+14
389.8490 2.638390e+14
389.9587 2.370780e+14
390.0685 2.284580e+14
390.1782 2.425900e+14
390.2878 2.536430e+14
390.3976 2.126970e+14
390.5073 2.160810e+14
390.6169 2.016230e+14
390.7266 1.906520e+14
390.8363 2.439230e+14
390.9460 2.665900e+14
391.0557 2.668940e+14
391.1653 2.588040e+14
391.2750 2.808190e+14
391.3847 2.845620e+14
391.4944 2.655280e+14
391.6040 2.713360e+14
391.7137 2.610190e+14
391.8233 2.568810e+14
391.9330 2.531820e+14
392.0426 2.292580e+14
392.1523 2.029130e+14
392.2619 1.975250e+14
392.3716 2.147590e+14
392.4812 2.250170e+14
392.5908 2.268180e+14
392.7005 1.951210e+14
392.8101 1.752410e+14
392.9197 1.363880e+14
393.0293 1.170020e+14
393.1389 9.828280e+13
393.2486 8.121780e+13
393.3582 6.283550e+13
393.4677 4.946320e+13
393.5774 5.967460e+13
393.6870 8.268350e+13
393.7965 1.080030e+14
393.9062 1.333830e+14
394.0157 1.628490e+14
394.1253 1.856590e+14
394.2349 1.878770e+14
394.3445 1.905620e+14
394.4541 1.778370e+14
394.5636 1.795170e+14
394.6732 2.298210e+14
394.7828 2.525210e+14
394.8923 2.313890e+14
395.0019 2.402070e+14
395.1115 2.693250e+14
395.2210 2.739070e+14
395.3306 2.519050e+14
395.4401 2.411300e+14
395.5497 2.794160e+14
395.6592 2.620800e+14
395.7688 2.366340e+14
395.8783 2.545870e+14
395.9878 2.705580e+14
396.0974 2.559130e+14
396.2069 1.947950e+14
396.3164 1.523520e+14
396.4259 1.642190e+14
396.5355 1.574520e+14
396.6450 1.310230e+14
396.7545 9.431010e+13
396.8640 6.775190e+13
396.9735 5.633250e+13
397.0830 7.439410e+13
397.1925 1.067320e+14
397.3020 1.368610e+14
397.4115 1.613260e+14
397.5210 1.823710e+14
397.6305 2.129120e+14
397.7400 2.327640e+14
397.8495 2.482860e+14
397.9590 2.746300e+14
398.0685 2.948940e+14
398.1779 3.053720e+14
398.2874 2.898940e+14
398.3969 2.825080e+14
398.5064 2.803740e+14
398.6158 2.891980e+14
398.7253 2.918930e+14
398.8348 2.896170e+14
398.9442 3.265660e+14
399.0537 3.151250e+14
399.1632 3.093300e+14
399.2726 3.274030e+14
399.3821 3.314550e+14
399.4915 3.270770e+14
399.6010 3.128160e+14
399.7104 3.073820e+14
399.8199 2.948830e+14
399.9294 2.967120e+14
400.0388 3.363600e+14
400.1482 3.487880e+14
400.2577 3.348010e+14
400.3671 3.553310e+14
400.4765 3.499600e+14
400.5859 2.965400e+14
400.6954 2.659960e+14
400.8048 2.965800e+14
400.9142 3.087700e+14
401.0237 3.092140e+14
401.1331 3.104910e+14
401.2425 3.197260e+14
401.3519 3.171460e+14
401.4613 3.197170e+14
401.5707 3.152360e+14
401.6801 3.186050e+14
401.7896 3.075360e+14
401.8990 3.047000e+14
402.0084 3.277200e+14
402.1178 3.220540e+14
402.2272 3.155620e+14
402.3366 3.214390e+14
402.4460 3.215490e+14
402.5554 3.126310e+14
402.6648 3.197770e+14
402.7741 3.362020e+14
402.8835 3.337680e+14
402.9930 3.202830e+14
403.1023 2.939690e+14
403.2117 2.667060e+14
403.3211 2.794930e+14
403.4305 2.674150e+14
403.5398 2.837410e+14
403.6492 3.007070e+14
403.7586 3.273070e+14
403.8680 3.414550e+14
403.9773 3.366350e+14
404.0867 3.268920e+14
404.1961 3.230300e+14
404.3055 3.308330e+14
404.4148 3.121470e+14
404.5242 2.488040e+14
404.6335 2.152430e+14
404.7429 2.428160e+14
404.8523 3.294610e+14
404.9616 3.276580e+14
405.0710 3.168680e+14
405.1804 3.238480e+14
