                 100               0.00026                190.5          9.88534e+12              3926400
                  95               0.00062                178.3         2.518568e+13             17787000
                  90               0.00164                  165         7.199016e+13             54030000
                  85               0.00448                165.1         1.965369e+14            112119000
                  80                 0.012                174.1         4.992243e+14             99920000
                  75                  0.03                196.1         1.108044e+15            210710000
                  70                 0.067                218.1         2.225012e+15            890800100
                  65                 0.139                240.1         4.193107e+15           3356800000
                  60                 0.272                257.1         7.662669e+15           9968400000
                  55                 0.515                269.3          1.38511e+16          24948000000
                  50                  0.96                275.7         2.498371e+16          62000000000
#                  45                  1.81                269.9         4.723055e+16            1.937e+11
                  45                  1.81                269.9         4.857e+16            1.937e+11
#                  40                  2.98                257.5         9.366563e+16            4.381e+11
                  40                  2.98                257.5         8.3821e+16            4.381e+11
                37.5                  4.65                251.3          1.33733e+17            8.614e+11
#                  35                 6.745               245.15         2.077851e+17          1.55035e+12
                  35                 6.745               245.15         1.9928e+17          1.55035e+12
#                32.5                  8.84                  239         2.818372e+17           2.2393e+12
                32.5                  8.84                  239         2.6790e+17           2.2393e+12
                  30                 14.42              233.725        4.4322185e+17          3.36055e+12
#                27.5                    20               228.45         6.046065e+17           4.4818e+12
                27.5                    20               228.45         6.341e+17           4.4818e+12
#                  25          31.111111111         225.31111111     9.4778233333e+17     4.3852444444e+12
                  25          31.111111111         225.31111111     1.0001e+18     4.3852444444e+12
#                22.5          43.092145949         220.92152134     1.3528321218e+18     4.0401737786e+12
                22.5          43.092145949         220.92152134     1.4128e+18     4.0401737786e+12
                  20          58.552875696         211.52912801      2.005377731e+18     2.7010426716e+12
               19.75          60.231330536         210.62827697     2.0748322824e+18     2.5674965934e+12
                19.5          63.845870156          210.2888546     2.2057116949e+18     2.4393183658e+12
               19.25          67.460409775         209.94943224     2.3365911074e+18     2.3111401382e+12
                  19          71.074949395         209.61000987     2.4674705199e+18     2.1829619106e+12
               18.75          74.689489015         209.27058751     2.5983499324e+18      2.054783683e+12
                18.5          78.304028635         208.93116514     2.7292293449e+18     1.9266054554e+12
               18.25          81.918568255         208.59174278     2.8601087573e+18     1.7984272278e+12
                  18          85.533107875         208.25232041     2.9909881698e+18     1.6702490002e+12
               17.75          89.147647494         207.91289805     3.1218675823e+18     1.5420707726e+12
                17.5          92.762187114         207.57347569     3.2527469948e+18     1.4138925451e+12
               17.25          96.376726734         207.23405332     3.3836264073e+18     1.2857143175e+12
                  17          99.991266354         206.89463096     3.5145058198e+18     1.1575360899e+12
               16.75          103.60580597         206.55520859     3.6453852323e+18     1.0293578623e+12
                16.5          107.22034559         206.21578623     3.7762646448e+18     9.0117963466e+11
               16.25          110.83488521         205.87636386     3.9071440573e+18     7.7300140706e+11
                  16          114.44942483          205.5369415     4.0380234698e+18     6.4482317946e+11
               15.75          118.06396445         205.19751913     4.1689028823e+18     5.1664495186e+11
                15.5          123.63823171         206.53963415     4.3337361768e+18     3.7786945988e+11
               15.25          129.53152439          208.1554878     4.5040968476e+18     2.3736883183e+11
                  15          135.42481707         209.77134146     4.6744575183e+18          96868203780
               14.75                141.14               211.15         4.841415e+18        5.6461448e+11
                14.5          146.91428571               212.65     5.0039375714e+18         5.279339e+11
               14.25               152.925             214.0125      5.175503375e+18      5.008824875e+11
                  14               159.125               216.05      5.334545125e+18         4.492249e+11
               13.75          165.53333333         217.92777778     5.5015628889e+18     4.2208934444e+11
                13.5                172.12               219.81         5.671489e+18        4.6131106e+11
               13.25                 178.9                222.1        5.8341155e+18        4.6307685e+11
                  13              185.8375               224.15       6.00492875e+18         5.622426e+11
               12.75                193.05               224.75       6.22133175e+18         6.090814e+11
                12.5          200.53333333         226.31666667     6.4177566667e+18     6.2940076667e+11
               12.25               208.175               227.95      6.614579625e+18         6.227729e+11
                  12          216.13333333         229.61666667     6.8176006667e+18     6.4558993333e+11
               11.75               224.275              231.875       7.00551625e+18         7.379569e+11
                11.5          232.61428571               233.85     7.2046394286e+18         8.021871e+11
               11.25          241.26666667               235.05     7.4344753333e+18     5.6082116667e+11
                  11          250.14285714         236.66428571     7.6554131429e+18     5.5699578571e+11
               10.75          259.33333333         238.32777778     7.8812826667e+18     5.9869392222e+11
                10.5          268.75714286               240.25     8.1023288571e+18         6.300807e+11
               10.25          278.41428571         242.12142857     8.3285905714e+18     5.7435617143e+11
                  10                 288.4               243.85     8.5661516667e+18         6.207787e+11
                9.75          298.68571429         245.47857143     8.8128038571e+18         6.170825e+11
                 9.5          309.16666667               247.35         9.053031e+18     5.9247326667e+11
                9.25                   320               249.15         9.302557e+18         5.697816e+11
                   9          331.11428571               249.65     9.6063767143e+18         7.137018e+11
                8.75          342.62857143               251.15     9.8810625714e+18         7.469299e+11
                 8.5          354.44444444         252.17222222     1.0180388889e+19     7.7868755556e+11
                8.25                 366.6               254.05         1.045169e+19         8.153801e+11
                   8                 379.1               256.35         1.071109e+19         8.419692e+11
                7.75                391.85             258.5375         1.097765e+19      9.661651375e+11
                 7.5          404.98571429               259.05     1.1323205714e+19         8.443774e+11
                7.25                418.55              260.525       1.16361975e+19        9.3412105e+11
                   7          432.42857143               262.15     1.1947524286e+19     1.0763422857e+12
                6.75                446.75               263.25     1.2291626667e+19         1.114294e+12
                 6.5                 461.4               264.35         1.264188e+19         1.257612e+12
                6.25                476.55               265.65        1.2993075e+19         1.479119e+12
                   6          492.06666667               266.35     1.3380873333e+19     1.5255393333e+12
                5.75          508.13333333               266.05         1.383336e+19     1.5572056667e+12
                 5.5                524.65               267.45       1.42082375e+19       1.52738925e+12
                5.25               541.575             269.1625      1.457328125e+19       1.29970775e+12
                   5          559.03333333         271.18333333     1.4930966667e+19     1.4289073333e+12
                4.75          576.85714286         271.72142857     1.5376508571e+19     1.3381138571e+12
                 4.5          595.23333333         273.28333333         1.577565e+19         1.280994e+12
                4.25          614.06666667               275.25        1.6158515e+19     1.3635006667e+12
                   4          633.34285714         277.20714286     1.6548082857e+19     1.4172662857e+12
                3.75               653.075              279.075       1.69494425e+19       1.35605925e+12
                 3.5               673.275              281.275        1.7337025e+19         1.396953e+12
                3.25                   694                282.4         1.779951e+19          1.38113e+12
                   3              715.2625             282.9125      1.831161625e+19      1.177657375e+12
               2.962              718.5375             282.8125       1.84019575e+19      1.171990875e+12
               2.887              725.0625               283.35       1.85338425e+19        1.1895785e+12
               2.812                731.69               283.96        1.8663078e+19        1.2013707e+12
               2.737          738.27272727         284.61363636     1.8787732727e+19     1.1826491818e+12
               2.662                744.95                285.3         1.891205e+19        1.1830345e+12
               2.587                751.57               285.98        1.9034742e+19         1.172624e+12
               2.512              758.4125             286.5375        1.9170665e+19       1.17760925e+12
               2.437                765.22               287.23        1.9296114e+19        1.1554168e+12
               2.362          772.01428571         287.59285714     1.9442878571e+19     1.1185565714e+12
               2.287              778.8375               287.75       1.96040025e+19       1.11569825e+12
               2.212                 785.8              287.775        1.9777535e+19        1.1577585e+12
               2.137          792.86666667         288.38333333     1.9913296667e+19     1.1636883333e+12
               2.062                 799.9             289.1375      2.003754125e+19         1.157313e+12
               1.987          806.93333333               289.85     2.0164046667e+19         1.161132e+12
               1.912          814.11111111         290.13888889     2.0323148889e+19         1.175786e+12
               1.837                 821.3               290.65         2.046656e+19         1.183686e+12
               1.762          828.57142857         291.37857143         2.059613e+19     1.1714934286e+12
               1.687                 835.8               291.95      2.073514625e+19      1.179965625e+12
               1.612                 843.2               292.45         2.088297e+19        1.1714475e+12
               1.537                 850.5               292.95         2.102781e+19         1.169448e+12
               1.462                   858         293.77222222     2.1153868889e+19     1.1415197778e+12
               1.387                 865.5               293.45         2.136221e+19         1.112538e+12
               1.312                   873               293.95         2.151067e+19         1.094014e+12
               1.237                880.65               294.55        2.1654965e+19        1.1003915e+12
               1.162               888.275              295.125        2.1799905e+19         1.111746e+12
               1.087                   896               295.85     2.1935604545e+19     1.1243776364e+12
               1.012                 903.8               296.25     2.2096687778e+19     1.1683738889e+12
               0.937                911.55               295.95         2.230876e+19          1.22979e+12
               0.862                 919.5         296.36428571     2.2471861429e+19     1.2411631429e+12
               0.787              927.3875             296.9375       2.26208775e+19      1.208015875e+12
               0.712              935.4125             297.5625      2.276870125e+19       1.18996175e+12
               0.637              943.4125               298.35      2.290281125e+19         1.172558e+12
               0.562                951.51               299.06        2.3044553e+19        1.1576653e+12
               0.487               959.625             299.7625       2.31866225e+19      1.128071125e+12
               0.412          967.82727273         300.47727273     2.3329180909e+19     1.0761655455e+12
               0.337          976.06666667         301.18333333     2.3472633333e+19     1.0012067667e+12
               0.262                 984.4               301.85         2.362075e+19     8.7608681111e+11
               0.187          992.80909091         301.41363636     2.3857025455e+19     7.4426811818e+11
               0.112               1001.16               300.65        2.4118794e+19        6.7647098e+11
               0.037          1009.7615385         300.88076923     2.4307351538e+19     6.5236119231e+11
