290.00  25.325 206.541
290.25  25.327 206.550
290.50  25.328 206.559
290.75  25.331 206.576
291.00  25.332 206.585
291.25  25.334 206.594
291.50  25.335 206.602
291.75  25.337 206.611
292.00  25.338 206.620
292.25  25.340 206.628
292.50  25.341 206.637
292.75  25.342 206.646
293.00  25.344 206.654
293.25  25.345 206.663
293.50  25.347 206.672
293.75  25.349 206.689
294.00  25.351 206.698
294.25  25.352 206.707
294.50  25.354 206.715
294.75  25.355 206.724
295.00  25.357 206.733
295.25  25.358 206.741
295.50  25.360 206.750
295.75  25.361 206.758
296.00  25.362 206.767
296.25  25.364 206.776
296.50  25.365 206.785
296.75  25.367 206.793
297.00  25.369 206.811
297.25  25.371 206.819
297.50  25.372 206.828
297.75  25.374 206.837
298.00  25.375 206.845
298.25  25.377 206.854
298.50  25.378 206.863
298.75  25.380 206.871
299.00  25.381 206.880
299.25  25.382 206.889
299.50  25.384 206.897
299.75  25.385 206.906
300.00  25.388 206.923
300.25  25.390 206.932
300.50  25.391 206.940
300.75  25.392 206.949
301.00  25.394 206.958
301.25  25.395 206.966
301.50  25.397 206.975
301.75  25.398 206.984
302.00  25.400 206.993
302.25  25.401 207.001
302.50  25.402 207.010
302.75  25.404 207.018
303.00  25.405 207.027
303.25  25.405 207.027
303.50  25.408 207.044
303.75  25.408 207.044
304.00  25.410 207.053
304.25  25.411 207.062
304.50  25.411 207.062
304.75  25.411 207.062
305.00  25.413 207.070
305.25  25.416 207.088
305.50  25.417 207.096
305.75  25.417 207.096
306.00  25.418 207.105
306.25  25.420 207.113
306.50  25.421 207.122
306.75  25.423 207.131
307.00  25.424 207.139
307.25  25.424 207.139
307.50  25.424 207.139
307.75  25.424 207.139
308.00  25.426 207.148
308.25  25.426 207.148
308.50  25.426 207.148
308.75  25.428 207.165
309.00  25.430 207.174
309.25  25.430 207.174
309.50  25.430 207.174
309.75  25.431 207.183
310.00  25.431 207.183
310.25  25.434 207.200
310.50  25.436 207.209
310.75  25.436 207.209
311.00  25.436 207.209
311.25  25.436 207.209
311.50  25.437 207.217
311.75  25.439 207.226
312.00  25.439 207.226
312.25  25.440 207.234
312.50  25.440 207.234
312.75  25.440 207.234
313.00  25.442 207.243
313.25  25.444 207.260
313.50  25.444 207.260
313.75  25.444 207.260
314.00  25.446 207.269
314.25  25.447 207.278
314.50  25.447 207.278
314.75  25.449 207.286
315.00  25.449 207.286
315.25  25.449 207.286
315.50  25.450 207.295
315.75  25.453 207.312
316.00  25.453 207.312
316.25  25.455 207.321
316.50  25.455 207.321
316.75  25.455 207.321
317.00  25.455 207.321
317.25  25.456 207.329
317.50  25.456 207.329
317.75  25.457 207.338
318.00  25.459 207.346
318.25  25.460 207.355
318.50  25.462 207.364
318.75  25.463 207.372
319.00  25.463 207.372
319.25  25.465 207.381
319.50  25.468 207.398
319.75  25.468 207.398
320.00  25.468 207.398
320.25  25.468 207.398
320.50  25.468 207.398
320.75  25.469 207.407
321.00  25.469 207.407
321.25  25.471 207.415
321.50  25.471 207.415
321.75  25.471 207.415
322.00  25.472 207.424
322.25  25.472 207.424
322.50  25.474 207.433
322.75  25.474 207.433
323.00  25.475 207.441
323.25  25.475 207.441
323.50  25.475 207.441
323.75  25.475 207.441
324.00  25.477 207.450
324.25  25.477 207.450
324.50  25.477 207.450
324.75  25.477 207.450
325.00  25.477 207.450
325.25  25.477 207.450
325.50  25.478 207.459
325.75  25.479 207.467
326.00  25.479 207.467
326.25  25.479 207.467
326.50  25.479 207.467
326.75  25.479 207.467
327.00  25.479 207.467
327.25  25.481 207.476
327.50  25.481 207.476
327.75  25.481 207.476
328.00  25.481 207.476
328.25  25.481 207.476
328.50  25.481 207.476
328.75  25.482 207.484
329.00  25.484 207.493
329.25  25.484 207.493
329.50  25.484 207.493
329.75  25.484 207.493
330.00  25.484 207.493
330.25  25.485 207.501
330.50  25.487 207.510
330.75  25.487 207.510
331.00  25.487 207.510
331.25  25.488 207.519
331.50  25.488 207.519
331.75  25.488 207.519
332.00  25.488 207.519
332.25  25.488 207.519
332.50  25.488 207.519
332.75  25.490 207.527
333.00  25.490 207.527
333.25  25.490 207.527
333.50  25.490 207.527
333.75  25.490 207.527
334.00  25.491 207.536
334.25  25.491 207.536
334.50  25.491 207.536
334.75  25.491 207.536
335.00  25.493 207.544
335.25  25.493 207.544
335.50  25.493 207.544
335.75  25.494 207.553
336.00  25.495 207.562
336.25  25.497 207.570
336.50  25.497 207.570
336.75  25.498 207.579
337.00  25.498 207.579
337.25  25.498 207.579
337.50  25.500 207.588
337.75  25.500 207.588
338.00  25.501 207.596
338.25  25.501 207.596
338.50  25.501 207.596
338.75  25.501 207.596
339.00  25.501 207.596
339.25  25.503 207.605
339.50  25.504 207.613
339.75  25.504 207.613
340.00  25.504 207.613
340.25  25.504 207.613
340.50  25.504 207.613
340.75  25.504 207.613
341.00  25.506 207.622
341.25  25.506 207.622
341.50  25.506 207.622
341.75  25.507 207.631
342.00  25.509 207.639
342.25  25.509 207.639
342.50  25.509 207.639
342.75  25.509 207.639
343.00  25.509 207.639
343.25  25.509 207.639
343.50  25.510 207.648
343.75  25.510 207.648
344.00  25.512 207.656
344.25  25.512 207.656
344.50  25.513 207.665
344.75  25.515 207.673
345.00  25.515 207.673
345.25  25.516 207.682
345.50  25.516 207.682
345.75  25.516 207.682
346.00  25.516 207.682
346.25  25.516 207.682
346.50  25.517 207.691
346.75  25.517 207.691
347.00  25.517 207.691
347.25  25.517 207.691
347.50  25.519 207.699
347.75  25.519 207.699
348.00  25.519 207.699
348.25  25.520 207.708
348.50  25.520 207.708
348.75  25.520 207.708
349.00  25.520 207.708
349.25  25.520 207.708
349.50  25.522 207.716
349.75  25.522 207.716
350.00  25.522 207.716
350.25  25.523 207.725
350.50  25.523 207.725
350.75  25.523 207.725
351.00  25.523 207.725
351.25  25.523 207.725
351.50  25.525 207.733
351.75  25.525 207.733
352.00  25.526 207.742
352.25  25.528 207.751
352.50  25.528 207.751
352.75  25.529 207.759
353.00  25.529 207.759
353.25  25.529 207.759
353.50  25.529 207.759
353.75  25.531 207.768
354.00  25.531 207.768
354.25  25.531 207.768
354.50  25.532 207.776
354.75  25.532 207.776
355.00  25.532 207.776
355.25  25.532 207.776
355.50  25.532 207.776
355.75  25.532 207.776
356.00  25.534 207.785
356.25  25.534 207.785
356.50  25.535 207.793
356.75  25.535 207.793
357.00  25.535 207.793
357.25  25.537 207.802
357.50  25.537 207.802
357.75  25.537 207.802
358.00  25.538 207.811
358.25  25.540 207.819
358.50  25.540 207.819
358.75  25.541 207.828
359.00  25.541 207.828
359.25  25.543 207.836
359.50  25.543 207.836
359.75  25.543 207.836
360.00  25.543 207.836
360.25  25.544 207.845
360.50  25.544 207.845
360.75  25.544 207.845
361.00  25.544 207.845
361.25  25.546 207.853
361.50  25.546 207.853
361.75  25.546 207.853
362.00  25.547 207.862
362.25  25.549 207.871
362.50  25.549 207.871
362.75  25.549 207.871
363.00  25.550 207.879
363.25  25.550 207.879
363.50  25.550 207.879
363.75  25.550 207.879
364.00  25.552 207.888
364.25  25.553 207.896
364.50  25.553 207.896
364.75  25.553 207.896
365.00  25.553 207.896
365.25  25.553 207.896
365.50  25.555 207.905
365.75  25.555 207.905
366.00  25.555 207.905
366.25  25.555 207.905
366.50  25.555 207.905
366.75  25.556 207.913
367.00  25.556 207.913
367.25  25.556 207.913
367.50  25.556 207.913
367.75  25.556 207.913
368.00  25.558 207.922
368.25  25.558 207.922
368.50  25.558 207.922
368.75  25.558 207.922
369.00  25.558 207.922
369.25  25.559 207.931
369.50  25.559 207.931
369.75  25.559 207.931
370.00  25.559 207.931
370.25  25.560 207.939
370.50  25.562 207.948
370.75  25.562 207.948
371.00  25.562 207.948
371.25  25.563 207.956
371.50  25.563 207.956
371.75  25.565 207.965
372.00  25.566 207.973
372.25  25.568 207.982
372.50  25.568 207.982
372.75  25.568 207.982
373.00  25.568 207.982
373.25  25.569 207.990
373.50  25.569 207.990
373.75  25.572 208.008
374.00  25.572 208.008
374.25  25.572 208.008
374.50  25.572 208.008
374.75  25.574 208.016
375.00  25.575 208.025
375.25  25.575 208.025
375.50  25.577 208.033
375.75  25.577 208.033
376.00  25.577 208.033
376.25  25.577 208.033
376.50  25.578 208.042
376.75  25.578 208.042
377.00  25.578 208.042
377.25  25.580 208.050
377.50  25.580 208.050
377.75  25.580 208.050
378.00  25.580 208.050
378.25  25.580 208.050
378.50  25.581 208.059
378.75  25.581 208.059
379.00  25.581 208.059
379.25  25.581 208.059
379.50  25.581 208.059
379.75  25.583 208.067
380.00  25.583 208.067
380.25  25.583 208.067
380.50  25.583 208.067
380.75  25.584 208.076
381.00  25.584 208.076
381.25  25.584 208.076
381.50  25.586 208.084
381.75  25.586 208.084
382.00  25.586 208.084
382.25  25.586 208.084
382.50  25.587 208.093
382.75  25.587 208.093
383.00  25.587 208.093
383.25  25.587 208.093
383.50  25.589 208.102
383.75  25.589 208.102
384.00  25.589 208.102
384.25  25.589 208.102
384.50  25.590 208.110
384.75  25.590 208.110
385.00  25.590 208.110
385.25  25.590 208.110
385.50  25.590 208.110
385.75  25.590 208.110
386.00  25.592 208.119
386.25  25.592 208.119
386.50  25.592 208.119
386.75  25.593 208.127
387.00  25.593 208.127
387.25  25.593 208.127
387.50  25.593 208.127
387.75  25.593 208.127
388.00  25.595 208.136
388.25  25.595 208.136
388.50  25.595 208.136
388.75  25.595 208.136
389.00  25.595 208.136
389.25  25.596 208.144
389.50  25.596 208.144
389.75  25.596 208.144
390.00  25.596 208.144
390.25  25.596 208.144
390.50  25.598 208.153
390.75  25.598 208.153
391.00  25.598 208.153
391.25  25.598 208.153
391.50  25.598 208.153
391.75  25.599 208.161
392.00  25.599 208.161
392.25  25.599 208.161
392.50  25.599 208.161
392.75  25.601 208.170
393.00  25.602 208.178
393.25  25.602 208.178
393.50  25.604 208.187
393.75  25.605 208.196
394.00  25.607 208.204
394.25  25.607 208.204
394.50  25.607 208.204
394.75  25.607 208.204
395.00  25.607 208.204
395.25  25.608 208.213
395.50  25.608 208.213
395.75  25.608 208.213
396.00  25.610 208.221
396.25  25.611 208.230
396.50  25.611 208.230
396.75  25.614 208.247
397.00  25.616 208.255
397.25  25.617 208.264
397.50  25.617 208.264
397.75  25.617 208.264
398.00  25.619 208.272
398.25  25.619 208.272
398.50  25.619 208.272
398.75  25.620 208.281
399.00  25.620 208.281
399.25  25.620 208.281
399.50  25.620 208.281
399.75  25.620 208.281
400.00  25.622 208.289
400.25  25.622 208.289
400.50  25.622 208.289
400.75  25.622 208.289
401.00  25.622 208.289
401.25  25.622 208.289
401.50  25.623 208.298
401.75  25.623 208.298
402.00  25.623 208.298
402.25  25.623 208.298
402.50  25.623 208.298
402.75  25.625 208.306
403.00  25.625 208.306
403.25  25.625 208.306
403.50  25.626 208.315
403.75  25.626 208.315
404.00  25.626 208.315
404.25  25.626 208.315
404.50  25.626 208.315
404.75  25.628 208.323
405.00  25.628 208.323
405.25  25.628 208.323
405.50  25.628 208.323
405.75  25.628 208.323
406.00  25.629 208.332
406.25  25.629 208.332
406.50  25.629 208.332
406.75  25.629 208.332
407.00  25.629 208.332
407.25  25.631 208.340
407.50  25.631 208.340
407.75  25.631 208.340
408.00  25.631 208.340
408.25  25.631 208.340
408.50  25.631 208.340
408.75  25.632 208.349
409.00  25.632 208.349
409.25  25.632 208.349
409.50  25.634 208.358
409.75  25.634 208.358
410.00  25.634 208.358
410.25  25.634 208.358
410.50  25.634 208.358
410.75  25.635 208.366
411.00  25.635 208.366
411.25  25.635 208.366
411.50  25.635 208.366
411.75  25.635 208.366
412.00  25.637 208.375
412.25  25.637 208.375
412.50  25.637 208.375
412.75  25.637 208.375
413.00  25.637 208.375
413.25  25.638 208.383
413.50  25.638 208.383
413.75  25.638 208.383
414.00  25.638 208.383
414.25  25.640 208.392
414.50  25.640 208.392
414.75  25.640 208.392
415.00  25.640 208.392
415.25  25.640 208.392
415.50  25.641 208.400
415.75  25.641 208.400
416.00  25.641 208.400
416.25  25.641 208.400
416.50  25.641 208.400
416.75  25.643 208.409
417.00  25.643 208.409
417.25  25.643 208.409
417.50  25.643 208.409
417.75  25.643 208.409
418.00  25.644 208.417
418.25  25.644 208.417
418.50  25.644 208.417
418.75  25.644 208.417
419.00  25.644 208.417
419.25  25.646 208.426
419.50  25.646 208.426
419.75  25.646 208.426
420.00  25.646 208.426
420.25  25.647 208.434
420.50  25.647 208.434
420.75  25.647 208.434
421.00  25.647 208.434
421.25  25.647 208.434
421.50  25.649 208.443
421.75  25.649 208.443
422.00  25.649 208.443
422.25  25.650 208.451
422.50  25.650 208.451
422.75  25.650 208.451
423.00  25.650 208.451
423.25  25.650 208.451
423.50  25.652 208.460
423.75  25.652 208.460
424.00  25.652 208.460
424.25  25.652 208.460
424.50  25.652 208.460
424.75  25.653 208.468
425.00  25.653 208.468
425.25  25.653 208.468
425.50  25.653 208.468
425.75  25.655 208.477
426.00  25.655 208.477
426.25  25.655 208.477
426.50  25.655 208.477
426.75  25.655 208.477
427.00  25.656 208.485
427.25  25.656 208.485
427.50  25.656 208.485
427.75  25.656 208.485
428.00  25.658 208.494
428.25  25.658 208.494
428.50  25.658 208.494
428.75  25.658 208.494
429.00  25.658 208.494
429.25  25.659 208.502
429.50  25.659 208.502
429.75  25.661 208.511
430.00  25.661 208.511
430.25  25.661 208.511
430.50  25.661 208.511
430.75  25.661 208.511
431.00  25.662 208.519
431.25  25.662 208.519
431.50  25.662 208.519
431.75  25.662 208.519
432.00  25.664 208.528
432.25  25.664 208.528
432.50  25.664 208.528
432.75  25.665 208.536
433.00  25.665 208.536
433.25  25.665 208.536
433.50  25.665 208.536
433.75  25.667 208.545
434.00  25.667 208.545
434.25  25.668 208.553
434.50  25.668 208.553
434.75  25.668 208.553
435.00  25.668 208.553
435.25  25.670 208.562
435.50  25.670 208.562
435.75  25.670 208.562
436.00  25.670 208.562
436.25  25.670 208.562
436.50  25.672 208.570
436.75  25.672 208.570
437.00  25.672 208.570
437.25  25.672 208.570
437.50  25.672 208.570
437.75  25.673 208.579
438.00  25.673 208.579
438.25  25.674 208.587
438.50  25.674 208.587
438.75  25.674 208.587
439.00  25.674 208.587
439.25  25.674 208.587
439.50  25.676 208.596
439.75  25.676 208.596
440.00  25.676 208.596
440.25  25.676 208.596
440.50  25.676 208.596
440.75  25.677 208.604
441.00  25.677 208.604
441.25  25.677 208.604
441.50  25.677 208.604
441.75  25.677 208.604
442.00  25.679 208.613
442.25  25.679 208.613
442.50  25.679 208.613
442.75  25.681 208.621
443.00  25.681 208.621
443.25  25.681 208.621
443.50  25.681 208.621
443.75  25.681 208.621
444.00  25.682 208.630
444.25  25.682 208.630
444.50  25.682 208.630
444.75  25.682 208.630
445.00  25.682 208.630
445.25  25.682 208.630
445.50  25.684 208.638
445.75  25.684 208.638
446.00  25.684 208.638
446.25  25.684 208.638
446.50  25.685 208.647
446.75  25.685 208.647
447.00  25.685 208.647
447.25  25.685 208.647
447.50  25.685 208.647
447.75  25.685 208.647
448.00  25.687 208.655
448.25  25.687 208.655
448.50  25.687 208.655
448.75  25.688 208.664
449.00  25.688 208.664
449.25  25.688 208.664
449.50  25.688 208.664
449.75  25.688 208.664
450.00  25.690 208.672
450.25  25.690 208.672
450.50  25.690 208.672
450.75  25.690 208.672
451.00  25.690 208.672
451.25  25.691 208.681
451.50  25.691 208.681
451.75  25.691 208.681
452.00  25.691 208.681
452.25  25.691 208.681
452.50  25.693 208.689
452.75  25.693 208.689
453.00  25.693 208.689
453.25  25.693 208.689
453.50  25.693 208.689
453.75  25.694 208.697
454.00  25.694 208.697
454.25  25.694 208.697
454.50  25.694 208.697
454.75  25.696 208.706
455.00  25.696 208.706
455.25  25.696 208.706
455.50  25.696 208.706
455.75  25.696 208.706
456.00  25.697 208.714
456.25  25.697 208.714
456.50  25.697 208.714
456.75  25.697 208.714
457.00  25.697 208.714
457.25  25.699 208.723
457.50  25.699 208.723
457.75  25.699 208.723
458.00  25.699 208.723
458.25  25.699 208.723
458.50  25.700 208.732
458.75  25.700 208.732
459.00  25.700 208.732
459.25  25.702 208.740
459.50  25.702 208.740
459.75  25.702 208.740
460.00  25.702 208.740
460.25  25.702 208.740
460.50  25.703 208.748
460.75  25.703 208.748
461.00  25.703 208.748
461.25  25.703 208.748
461.50  25.703 208.748
461.75  25.705 208.757
462.00  25.705 208.757
462.25  25.705 208.757
462.50  25.705 208.757
462.75  25.705 208.757
463.00  25.706 208.765
463.25  25.706 208.765
463.50  25.706 208.765
463.75  25.706 208.765
464.00  25.706 208.765
464.25  25.706 208.765
464.50  25.708 208.774
464.75  25.708 208.774
465.00  25.708 208.774
465.25  25.709 208.782
465.50  25.709 208.782
465.75  25.709 208.782
466.00  25.709 208.782
466.25  25.709 208.782
466.50  25.711 208.791
466.75  25.711 208.791
467.00  25.711 208.791
467.25  25.711 208.791
467.50  25.711 208.791
467.75  25.712 208.799
468.00  25.712 208.799
468.25  25.712 208.799
468.50  25.712 208.799
468.75  25.712 208.799
469.00  25.714 208.808
469.25  25.714 208.808
469.50  25.714 208.808
469.75  25.714 208.808
470.00  25.716 208.816
470.25  25.716 208.816
470.50  25.716 208.816
470.75  25.716 208.816
471.00  25.716 208.816
471.25  25.717 208.825
471.50  25.717 208.825
471.75  25.717 208.825
472.00  25.717 208.825
472.25  25.717 208.825
472.50  25.719 208.833
472.75  25.719 208.833
473.00  25.719 208.833
473.25  25.719 208.833
473.50  25.719 208.833
473.75  25.720 208.842
474.00  25.720 208.842
474.25  25.720 208.842
474.50  25.722 208.850
474.75  25.722 208.850
475.00  25.722 208.850
475.25  25.722 208.850
475.50  25.722 208.850
475.75  25.723 208.859
476.00  25.723 208.859
476.25  25.723 208.859
476.50  25.723 208.859
476.75  25.723 208.859
477.00  25.725 208.867
477.25  25.725 208.867
477.50  25.725 208.867
477.75  25.725 208.867
478.00  25.725 208.867
478.25  25.726 208.875
478.50  25.726 208.875
478.75  25.726 208.875
479.00  25.726 208.875
479.25  25.726 208.875
479.50  25.728 208.884
479.75  25.728 208.884
480.00  25.728 208.884
480.25  25.728 208.884
480.50  25.729 208.892
480.75  25.729 208.892
481.00  25.729 208.892
481.25  25.729 208.892
481.50  25.729 208.892
481.75  25.731 208.901
482.00  25.731 208.901
482.25  25.731 208.901
482.50  25.731 208.901
482.75  25.731 208.901
483.00  25.732 208.909
483.25  25.732 208.909
483.50  25.732 208.909
483.75  25.732 208.909
484.00  25.732 208.909
484.25  25.734 208.918
484.50  25.734 208.918
484.75  25.734 208.918
485.00  25.735 208.926
485.25  25.735 208.926
485.50  25.735 208.926
485.75  25.735 208.926
486.00  25.735 208.926
486.25  25.737 208.935
486.50  25.737 208.935
486.75  25.737 208.935
487.00  25.737 208.935
487.25  25.737 208.935
487.50  25.739 208.943
487.75  25.739 208.943
488.00  25.739 208.943
488.25  25.739 208.943
488.50  25.739 208.943
488.75  25.740 208.952
489.00  25.740 208.952
489.25  25.740 208.952
489.50  25.740 208.952
489.75  25.740 208.952
490.00  25.742 208.960
490.25  25.742 208.960
490.50  25.742 208.960
490.75  25.743 208.969
491.00  25.743 208.969
491.25  25.743 208.969
491.50  25.743 208.969
491.75  25.743 208.969
492.00  25.745 208.977
492.25  25.745 208.977
492.50  25.745 208.977
492.75  25.745 208.977
493.00  25.745 208.977
493.25  25.746 208.986
493.50  25.746 208.986
493.75  25.746 208.986
494.00  25.746 208.986
494.25  25.746 208.986
494.50  25.748 208.994
494.75  25.748 208.994
495.00  25.748 208.994
495.25  25.748 208.994
495.50  25.748 208.994
495.75  25.749 209.002
496.00  25.749 209.002
496.25  25.749 209.002
496.50  25.749 209.002
496.75  25.751 209.011
497.00  25.751 209.011
497.25  25.751 209.011
497.50  25.751 209.011
497.75  25.751 209.011
498.00  25.752 209.019
498.25  25.752 209.019
498.50  25.752 209.019
498.75  25.752 209.019
499.00  25.752 209.019
499.25  25.754 209.028
499.50  25.754 209.028
499.75  25.754 209.028
500.00  25.754 209.028
