7.8290000e+01   
7.8310000e+01   
7.8350000e+01   
7.8410000e+01   
7.8490000e+01   
7.8590000e+01   
7.8700000e+01   
7.8840000e+01   
7.8990000e+01   
7.9160000e+01   
7.9350000e+01   
7.9560000e+01   
7.9780000e+01   
8.0030000e+01   
8.0260000e+01   
8.0530000e+01   
8.0830000e+01   
8.1140000e+01   
8.1470000e+01   
8.1810000e+01   
8.2170000e+01   
8.2550000e+01   
8.2940000e+01   
8.3350000e+01   
8.3780000e+01   
8.4210000e+01   
8.4670000e+01   
8.5110000e+01   
8.5580000e+01   
8.6090000e+01   
8.6590000e+01   
8.7110000e+01   
8.7630000e+01   
8.8170000e+01   
8.8720000e+01   
8.9290000e+01   
8.9860000e+01   
9.0450000e+01   
9.1050000e+01   
9.1650000e+01   
9.2270000e+01   
9.2900000e+01   
9.3540000e+01   
9.4180000e+01   
9.4830000e+01   
9.5490000e+01   
9.6160000e+01   
9.6830000e+01