   1.2000000e+02   7.6000000e-04   1.8840000e+02
   1.1900000e+02   4.9504324e-03   1.8946685e+02
   1.1800000e+02   9.1408648e-03   1.9053370e+02
   1.1700000e+02   1.3331297e-02   1.9160055e+02
   1.1600000e+02   1.7521730e-02   1.9266740e+02
   1.1500000e+02   2.1712162e-02   1.9373425e+02
   1.1400000e+02   2.5902594e-02   1.9480110e+02
   1.1300000e+02   3.0093027e-02   1.9586795e+02
   1.1200000e+02   3.4283459e-02   1.9693481e+02
   1.1100000e+02   3.8473891e-02   1.9800166e+02
   1.1000000e+02   4.2664324e-02   1.9906851e+02
   1.0900000e+02   4.6854756e-02   2.0013536e+02
   1.0800000e+02   5.1045189e-02   2.0120221e+02
   1.0700000e+02   5.5235621e-02   2.0226906e+02
   1.0600000e+02   5.9426053e-02   2.0333591e+02
   1.0500000e+02   6.3616486e-02   2.0440276e+02
   1.0400000e+02   6.7806918e-02   2.0546961e+02
   1.0300000e+02   7.1997351e-02   2.0653646e+02
   1.0200000e+02   7.6187783e-02   2.0760331e+02
   1.0100000e+02   8.0378215e-02   2.0867016e+02
   1.0000000e+02   8.4568648e-02   2.0973701e+02
   9.9000000e+01   8.8759080e-02   2.1080386e+02
   9.8000000e+01   9.2949512e-02   2.1187071e+02
   9.7000000e+01   9.7139945e-02   2.1293757e+02
   9.6000000e+01   1.0133038e-01   2.1400442e+02
   9.5000000e+01   1.0552081e-01   2.1507127e+02
   9.4000000e+01   1.0971124e-01   2.1613812e+02
   9.3000000e+01   1.1390167e-01   2.1720497e+02
   9.2000000e+01   1.1809211e-01   2.1827182e+02
   9.1000000e+01   1.2228254e-01   2.1933867e+02
   9.0000000e+01   1.2647297e-01   2.2040552e+02
   8.9000000e+01   1.3066340e-01   2.2147237e+02
   8.8000000e+01   1.3485384e-01   2.2253922e+02
   8.7000000e+01   1.3904427e-01   2.2360607e+02
   8.6000000e+01   1.4323470e-01   2.2467292e+02
   8.5000000e+01   1.4742513e-01   2.2573977e+02
   8.4000000e+01   1.5161557e-01   2.2680662e+02
   8.3000000e+01   1.5580600e-01   2.2787347e+02
   8.2000000e+01   1.5999643e-01   2.2894033e+02
   8.1000000e+01   1.6418686e-01   2.3000718e+02
   8.0000000e+01   1.6837730e-01   2.3107403e+02
   7.9000000e+01   1.7256773e-01   2.3214088e+02
   7.8000000e+01   1.7675816e-01   2.3320773e+02
   7.7000000e+01   1.8094859e-01   2.3427458e+02
   7.6000000e+01   1.8513902e-01   2.3534143e+02
   7.5000000e+01   1.8932946e-01   2.3640828e+02
   7.4000000e+01   1.9351989e-01   2.3747513e+02
   7.3000000e+01   1.9771032e-01   2.3854198e+02
   7.2000000e+01   2.0190075e-01   2.3960883e+02
   7.1000000e+01   2.0609119e-01   2.4067568e+02
   7.0000000e+01   2.1028162e-01   2.4174253e+02
   6.9000000e+01   2.1447205e-01   2.4280938e+02
   6.8000000e+01   2.1866248e-01   2.4387623e+02
   6.7000000e+01   2.2285292e-01   2.4494308e+02
   6.6000000e+01   2.2704335e-01   2.4600994e+02
   6.5000000e+01   2.3123378e-01   2.4707679e+02
   6.4000000e+01   2.3542421e-01   2.4814364e+02
   6.3000000e+01   2.3961465e-01   2.4921049e+02
   6.2000000e+01   2.4380508e-01   2.5027734e+02
   6.1000000e+01   2.4799551e-01   2.5134419e+02
   6.0000000e+01   2.5218594e-01   2.5241104e+02
   5.9000000e+01   2.5637638e-01   2.5347789e+02
   5.8000000e+01   2.6056681e-01   2.5454474e+02
   5.7000000e+01   2.6475724e-01   2.5561159e+02
   5.6000000e+01   2.6894767e-01   2.5667844e+02
   5.5000000e+01   2.7313810e-01   2.5774529e+02
   5.4000000e+01   3.1390662e-01   2.5759000e+02
   5.3000000e+01   3.6499204e-01   2.5709000e+02
   5.2000000e+01   4.1607746e-01   2.5659000e+02
   5.1000000e+01   4.6716287e-01   2.5609000e+02
   5.0000000e+01   5.1824829e-01   2.5559000e+02
   4.9000000e+01   6.1691416e-01   2.5578742e+02
   4.8000000e+01   7.1655105e-01   2.5599907e+02
   4.7000000e+01   8.1618794e-01   2.5621072e+02
   4.6000000e+01   9.1582483e-01   2.5642237e+02
   4.5000000e+01   1.0154617e+00   2.5663402e+02
   4.4000000e+01   1.1964125e+00   2.5690215e+02
   4.3000000e+01   1.3940178e+00   2.5718184e+02
   4.2000000e+01   1.5916232e+00   2.5746153e+02
   4.1000000e+01   1.7892285e+00   2.5774123e+02
   4.0000000e+01   1.9868339e+00   2.5802092e+02
   3.9000000e+01   2.2912060e+00   2.5691000e+02
   3.8000000e+01   2.6638389e+00   2.5491000e+02
   3.7000000e+01   3.0364717e+00   2.5291000e+02
   3.6000000e+01   3.4091046e+00   2.5091000e+02
   3.5000000e+01   3.9106985e+00   2.4785533e+02
   3.4000000e+01   4.5577166e+00   2.4361136e+02
   3.3000000e+01   5.2047346e+00   2.3936738e+02
   3.2000000e+01   5.9018216e+00   2.3475946e+02
   3.1000000e+01   6.8826324e+00   2.2808919e+02
   3.0000000e+01   7.9656222e+00   2.2167556e+02
   2.9000000e+01   9.2870296e+00   2.1586074e+02
   2.8000000e+01   1.0952662e+01   2.1056154e+02
   2.7000000e+01   1.2923828e+01   2.0546761e+02
   2.6000000e+01   1.5261722e+01   2.0087194e+02
   2.5000000e+01   1.8100611e+01   1.9739972e+02
   2.4000000e+01   2.1687625e+01   1.9468303e+02
   2.3000000e+01   2.5814693e+01   1.9244945e+02
   2.2000000e+01   3.0834325e+01   1.9096479e+02
   2.1000000e+01   3.7148625e+01   1.9061469e+02
   2.0000000e+01   4.4129875e+01   1.9084906e+02
   1.9000000e+01   5.3371474e+01   1.9219543e+02
   1.8000000e+01   6.3407250e+01   1.9393250e+02
   1.7000000e+01   7.5570627e+01   1.9603231e+02
   1.6000000e+01   9.0672119e+01   1.9863306e+02
   1.5000000e+01   1.0577361e+02   2.0123381e+02
   1.4000000e+01   1.2605716e+02   2.0349872e+02
   1.3000000e+01   1.4816142e+02   2.0564564e+02
   1.2000000e+01   1.7398606e+02   2.0676712e+02
   1.1000000e+01   2.2759620e+02   2.1111458e+02
   1.0000000e+01   2.9899655e+02   2.1812235e+02
   9.0000000e+00   3.7039689e+02   2.2513011e+02
   8.0000000e+00   4.4179724e+02   2.3213788e+02
   7.0000000e+00   5.1319758e+02   2.3914564e+02
   6.0000000e+00   5.8459793e+02   2.4615341e+02
   5.0000000e+00   6.5599827e+02   2.5316117e+02
   4.0000000e+00   7.2739862e+02   2.6016894e+02
   3.0000000e+00   7.9879896e+02   2.6717670e+02
   2.0000000e+00   8.7019931e+02   2.7418447e+02
   1.0000000e+00   9.4159965e+02   2.8119223e+02
   0.0000000e+00   1.0130000e+03   2.8820000e+02
