677
677.01
677.02
677.03
677.04
677.05
677.06
677.07
677.08
677.09
677.1
677.11
677.12
677.13
677.14
677.15
677.16
677.17
677.18
677.19
677.2
677.21
677.22
677.23
677.24
677.25
677.26
677.27
677.28
677.29
677.3
677.31
677.32
677.33
677.34
677.35
677.36
677.37
677.38
677.39
677.4
677.41
677.42
677.43
677.44
677.45
677.46
677.47
677.48
677.49
677.5
677.51
677.52
677.53
677.54
677.55
677.56
677.57
677.58
677.59
677.6
677.61
677.62
677.63
677.64
677.65
677.66
677.67
677.68
677.69
677.7
677.71
677.72
677.73
677.74
677.75
677.76
677.77
677.78
677.79
677.8
677.81
677.82
677.83
677.84
677.85
677.86
677.87
677.88
677.89
677.9
677.91
677.92
677.93
677.94
677.95
677.96
677.97
677.98
677.99
678
678.01
678.02
678.03
678.04
678.05
678.06
678.07
678.08
678.09
678.1
678.11
678.12
678.13
678.14
678.15
678.16
678.17
678.18
678.19
678.2
678.21
678.22
678.23
678.24
678.25
678.26
678.27
678.28
678.29
678.3
678.31
678.32
678.33
678.34
678.35
678.36
678.37
678.38
678.39
678.4
678.41
678.42
678.43
678.44
678.45
678.46
678.47
678.48
678.49
678.5
678.51
678.52
678.53
678.54
678.55
678.56
678.57
678.58
678.59
678.6
678.61
678.62
678.63
678.64
678.65
678.66
678.67
678.68
678.69
678.7
678.71
678.72
678.73
678.74
678.75
678.76
678.77
678.78
678.79
678.8
678.81
678.82
678.83
678.84
678.85
678.86
678.87
678.88
678.89
678.9
678.91
678.92
678.93
678.94
678.95
678.96
678.97
678.98
678.99
679
679.01
679.02
679.03
679.04
679.05
679.06
679.07
679.08
679.09
679.1
679.11
679.12
679.13
679.14
679.15
679.16
679.17
679.18
679.19
679.2
679.21
679.22
679.23
679.24
679.25
679.26
679.27
679.28
679.29
679.3
679.31
679.32
679.33
679.34
679.35
679.36
679.37
679.38
679.39
679.4
679.41
679.42
679.43
679.44
679.45
679.46
679.47
679.48
679.49
679.5
679.51
679.52
679.53
679.54
679.55
679.56
679.57
679.58
679.59
679.6
679.61
679.62
679.63
679.64
679.65
679.66
679.67
679.68
679.69
679.7
679.71
679.72
679.73
679.74
679.75
679.76
679.77
679.78
679.79
679.8
679.81
679.82
679.83
679.84
679.85
679.86
679.87
679.88
679.89
679.9
679.91
679.92
679.93
679.94
679.95
679.96
679.97
679.98
679.99
680
680.01
680.02
680.03
680.04
680.05
680.06
680.07
680.08
680.09
680.1
680.11
680.12
680.13
680.14
680.15
680.16
680.17
680.18
680.19
680.2
680.21
680.22
680.23
680.24
680.25
680.26
680.27
680.28
680.29
680.3
680.31
680.32
680.33
680.34
680.35
680.36
680.37
680.38
680.39
680.4
680.41
680.42
680.43
680.44
680.45
680.46
680.47
680.48
680.49
680.5
680.51
680.52
680.53
680.54
680.55
680.56
680.57
680.58
680.59
680.6
680.61
680.62
680.63
680.64
680.65
680.66
680.67
680.68
680.69
680.7
680.71
680.72
680.73
680.74
680.75
680.76
680.77
680.78
680.79
680.8
680.81
680.82
680.83
680.84
680.85
680.86
680.87
680.88
680.89
680.9
680.91
680.92
680.93
680.94
680.95
680.96
680.97
680.98
680.99
681
681.01
681.02
681.03
681.04
681.05
681.06
681.07
681.08
681.09
681.1
681.11
681.12
681.13
681.14
681.15
681.16
681.17
681.18
681.19
681.2
681.21
681.22
681.23
681.24
681.25
681.26
681.27
681.28
681.29
681.3
681.31
681.32
681.33
681.34
681.35
681.36
681.37
681.38
681.39
681.4
681.41
681.42
681.43
681.44
681.45
681.46
681.47
681.48
681.49
681.5
681.51
681.52
681.53
681.54
681.55
681.56
681.57
681.58
681.59
681.6
681.61
681.62
681.63
681.64
681.65
681.66
681.67
681.68
681.69
681.7
681.71
681.72
681.73
681.74
681.75
681.76
681.77
681.78
681.79
681.8
681.81
681.82
681.83
681.84
681.85
681.86
681.87
681.88
681.89
681.9
681.91
681.92
681.93
681.94
681.95
681.96
681.97
681.98
681.99
682
682.01
682.02
682.03
682.04
682.05
682.06
682.07
682.08
682.09
682.1
682.11
682.12
682.13
682.14
682.15
682.16
682.17
682.18
682.19
682.2
682.21
682.22
682.23
682.24
682.25
682.26
682.27
682.28
682.29
682.3
682.31
682.32
682.33
682.34
682.35
682.36
682.37
682.38
682.39
682.4
682.41
682.42
682.43
682.44
682.45
682.46
682.47
682.48
682.49
682.5
682.51
682.52
682.53
682.54
682.55
682.56
682.57
682.58
682.59
682.6
682.61
682.62
682.63
682.64
682.65
682.66
682.67
682.68
682.69
682.7
682.71
682.72
682.73
682.74
682.75
682.76
682.77
682.78
682.79
682.8
682.81
682.82
682.83
682.84
682.85
682.86
682.87
682.88
682.89
682.9
682.91
682.92
682.93
682.94
682.95
682.96
682.97
682.98
682.99
683
683.01
683.02
683.03
683.04
683.05
683.06
683.07
683.08
683.09
683.1
683.11
683.12
683.13
683.14
683.15
683.16
683.17
683.18
683.19
683.2
683.21
683.22
683.23
683.24
683.25
683.26
683.27
683.28
683.29
683.3
683.31
683.32
683.33
683.34
683.35
683.36
683.37
683.38
683.39
683.4
683.41
683.42
683.43
683.44
683.45
683.46
683.47
683.48
683.49
683.5
683.51
683.52
683.53
683.54
683.55
683.56
683.57
683.58
683.59
683.6
683.61
683.62
683.63
683.64
683.65
683.66
683.67
683.68
683.69
683.7
683.71
683.72
683.73
683.74
683.75
683.76
683.77
683.78
683.79
683.8
683.81
683.82
683.83
683.84
683.85
683.86
683.87
683.88
683.89
683.9
683.91
683.92
683.93
683.94
683.95
683.96
683.97
683.98
683.99
684
684.01
684.02
684.03
684.04
684.05
684.06
684.07
684.08
684.09
684.1
684.11
684.12
684.13
684.14
684.15
684.16
684.17
684.18
684.19
684.2
684.21
684.22
684.23
684.24
684.25
684.26
684.27
684.28
684.29
684.3
684.31
684.32
684.33
684.34
684.35
684.36
684.37
684.38
684.39
684.4
684.41
684.42
684.43
684.44
684.45
684.46
684.47
684.48
684.49
684.5
684.51
684.52
684.53
684.54
684.55
684.56
684.57
684.58
684.59
684.6
684.61
684.62
684.63
684.64
684.65
684.66
684.67
684.68
684.69
684.7
684.71
684.72
684.73
684.74
684.75
684.76
684.77
684.78
684.79
684.8
684.81
684.82
684.83
684.84
684.85
684.86
684.87
684.88
684.89
684.9
684.91
684.92
684.93
684.94
684.95
684.96
684.97
684.98
684.99
685
685.01
685.02
685.03
685.04
685.05
685.06
685.07
685.08
685.09
685.1
685.11
685.12
685.13
685.14
685.15
685.16
685.17
685.18
685.19
685.2
685.21
685.22
685.23
685.24
685.25
685.26
685.27
685.28
685.29
685.3
685.31
685.32
685.33
685.34
685.35
685.36
685.37
685.38
685.39
685.4
685.41
685.42
685.43
685.44
685.45
685.46
685.47
685.48
685.49
685.5
685.51
685.52
685.53
685.54
685.55
685.56
685.57
685.58
685.59
685.6
685.61
685.62
685.63
685.64
685.65
685.66
685.67
685.68
685.69
685.7
685.71
685.72
685.73
685.74
685.75
685.76
685.77
685.78
685.79
685.8
685.81
685.82
685.83
685.84
685.85
685.86
685.87
685.88
685.89
685.9
685.91
685.92
685.93
685.94
685.95
685.96
685.97
685.98
685.99
686
686.01
686.02
686.03
686.04
686.05
686.06
686.07
686.08
686.09
686.1
686.11
686.12
686.13
686.14
686.15
686.16
686.17
686.18
686.19
686.2
686.21
686.22
686.23
686.24
686.25
686.26
686.27
686.28
686.29
686.3
686.31
686.32
686.33
686.34
686.35
686.36
686.37
686.38
686.39
686.4
686.41
686.42
686.43
686.44
686.45
686.46
686.47
686.48
686.49
686.5
686.51
686.52
686.53
686.54
686.55
686.56
686.57
686.58
686.59
686.6
686.61
686.62
686.63
686.64
686.65
686.66
686.67
686.68
686.69
686.7
686.71
686.72
686.73
686.74
686.75
686.76
686.77
686.78
686.79
686.8
686.81
686.82
686.83
686.84
686.85
686.86
686.87
686.88
686.89
686.9
686.91
686.92
686.93
686.94
686.95
686.96
686.97
686.98
686.99
687
687.01
687.02
687.03
687.04
687.05
687.06
687.07
687.08
687.09
687.1
687.11
687.12
687.13
687.14
687.15
687.16
687.17
687.18
687.19
687.2
687.21
687.22
687.23
687.24
687.25
687.26
687.27
687.28
687.29
687.3
687.31
687.32
687.33
687.34
687.35
687.36
687.37
687.38
687.39
687.4
687.41
687.42
687.43
687.44
687.45
687.46
687.47
687.48
687.49
687.5
687.51
687.52
687.53
687.54
687.55
687.56
687.57
687.58
687.59
687.6
687.61
687.62
687.63
687.64
687.65
687.66
687.67
687.68
687.69
687.7
687.71
687.72
687.73
687.74
687.75
687.76
687.77
687.78
687.79
687.8
687.81
687.82
687.83
687.84
687.85
687.86
687.87
687.88
687.89
687.9
687.91
687.92
687.93
687.94
687.95
687.96
687.97
687.98
687.99
688
688.01
688.02
688.03
688.04
688.05
688.06
688.07
688.08
688.09
688.1
688.11
688.12
688.13
688.14
688.15
688.16
688.17
688.18
688.19
688.2
688.21
688.22
688.23
688.24
688.25
688.26
688.27
688.28
688.29
688.3
688.31
688.32
688.33
688.34
688.35
688.36
688.37
688.38
688.39
688.4
688.41
688.42
688.43
688.44
688.45
688.46
688.47
688.48
688.49
688.5
688.51
688.52
688.53
688.54
688.55
688.56
688.57
688.58
688.59
688.6
688.61
688.62
688.63
688.64
688.65
688.66
688.67
688.68
688.69
688.7
688.71
688.72
688.73
688.74
688.75
688.76
688.77
688.78
688.79
688.8
688.81
688.82
688.83
688.84
688.85
688.86
688.87
688.88
688.89
688.9
688.91
688.92
688.93
688.94
688.95
688.96
688.97
688.98
688.99
689
689.01
689.02
689.03
689.04
689.05
689.06
689.07
689.08
689.09
689.1
689.11
689.12
689.13
689.14
689.15
689.16
689.17
689.18
689.19
689.2
689.21
689.22
689.23
689.24
689.25
689.26
689.27
689.28
689.29
689.3
689.31
689.32
689.33
689.34
689.35
689.36
689.37
689.38
689.39
689.4
689.41
689.42
689.43
689.44
689.45
689.46
689.47
689.48
689.49
689.5
689.51
689.52
689.53
689.54
689.55
689.56
689.57
689.58
689.59
689.6
689.61
689.62
689.63
689.64
689.65
689.66
689.67
689.68
689.69
689.7
689.71
689.72
689.73
689.74
689.75
689.76
689.77
689.78
689.79
689.8
689.81
689.82
689.83
689.84
689.85
689.86
689.87
689.88
689.89
689.9
689.91
689.92
689.93
689.94
689.95
689.96
689.97
689.98
689.99
690
690.01
690.02
690.03
690.04
690.05
690.06
690.07
690.08
690.09
690.1
690.11
690.12
690.13
690.14
690.15
690.16
690.17
690.18
690.19
690.2
690.21
690.22
690.23
690.24
690.25
690.26
690.27
690.28
690.29
690.3
690.31
690.32
690.33
690.34
690.35
690.36
690.37
690.38
690.39
690.4
690.41
690.42
690.43
690.44
690.45
690.46
690.47
690.48
690.49
690.5
690.51
690.52
690.53
690.54
690.55
690.56
690.57
690.58
690.59
690.6
690.61
690.62
690.63
690.64
690.65
690.66
690.67
690.68
690.69
690.7
690.71
690.72
690.73
690.74
690.75
690.76
690.77
690.78
690.79
690.8
690.81
690.82
690.83
690.84
690.85
690.86
690.87
690.88
690.89
690.9
690.91
690.92
690.93
690.94
690.95
690.96
690.97
690.98
690.99
691
691.01
691.02
691.03
691.04
691.05
691.06
691.07
691.08
691.09
691.1
691.11
691.12
691.13
691.14
691.15
691.16
691.17
691.18
691.19
691.2
691.21
691.22
691.23
691.24
691.25
691.26
691.27
691.28
691.29
691.3
691.31
691.32
691.33
691.34
691.35
691.36
691.37
691.38
691.39
691.4
691.41
691.42
691.43
691.44
691.45
691.46
691.47
691.48
691.49
691.5
691.51
691.52
691.53
691.54
691.55
691.56
691.57
691.58
691.59
691.6
691.61
691.62
691.63
691.64
691.65
691.66
691.67
691.68
691.69
691.7
691.71
691.72
691.73
691.74
691.75
691.76
691.77
691.78
691.79
691.8
691.81
691.82
691.83
691.84
691.85
691.86
691.87
691.88
691.89
691.9
691.91
691.92
691.93
691.94
691.95
691.96
691.97
691.98
691.99
692
692.01
692.02
692.03
692.04
692.05
692.06
692.07
692.08
692.09
692.1
692.11
692.12
692.13
692.14
692.15
692.16
692.17
692.18
692.19
692.2
692.21
692.22
692.23
692.24
692.25
692.26
692.27
692.28
692.29
692.3
692.31
692.32
692.33
692.34
692.35
692.36
692.37
692.38
692.39
692.4
692.41
692.42
692.43
692.44
692.45
692.46
692.47
692.48
692.49
692.5
692.51
692.52
692.53
692.54
692.55
692.56
692.57
692.58
692.59
692.6
692.61
692.62
692.63
692.64
692.65
692.66
692.67
692.68
692.69
692.7
692.71
692.72
692.73
692.74
692.75
692.76
692.77
692.78
692.79
692.8
692.81
692.82
692.83
692.84
692.85
692.86
692.87
692.88
692.89
692.9
692.91
692.92
692.93
692.94
692.95
692.96
692.97
692.98
692.99
693
693.01
693.02
693.03
693.04
693.05
693.06
693.07
693.08
693.09
693.1
693.11
693.12
693.13
693.14
693.15
693.16
693.17
693.18
693.19
693.2
693.21
693.22
693.23
693.24
693.25
693.26
693.27
693.28
693.29
693.3
693.31
693.32
693.33
693.34
693.35
693.36
693.37
693.38
693.39
693.4
693.41
693.42
693.43
693.44
693.45
693.46
693.47
693.48
693.49
693.5
693.51
693.52
693.53
693.54
693.55
693.56
693.57
693.58
693.59
693.6
693.61
693.62
693.63
693.64
693.65
693.66
693.67
693.68
693.69
693.7
693.71
693.72
693.73
693.74
693.75
693.76
693.77
693.78
693.79
693.8
693.81
693.82
693.83
693.84
693.85
693.86
693.87
693.88
693.89
693.9
693.91
693.92
693.93
693.94
693.95
693.96
693.97
693.98
693.99
694
694.01
694.02
694.03
694.04
694.05
694.06
694.07
694.08
694.09
694.1
694.11
694.12
694.13
694.14
694.15
694.16
694.17
694.18
694.19
694.2
694.21
694.22
694.23
694.24
694.25
694.26
694.27
694.28
694.29
694.3
694.31
694.32
694.33
694.34
694.35
694.36
694.37
694.38
694.39
694.4
694.41
694.42
694.43
694.44
694.45
694.46
694.47
694.48
694.49
694.5
694.51
694.52
694.53
694.54
694.55
694.56
694.57
694.58
694.59
694.6
694.61
694.62
694.63
694.64
694.65
694.66
694.67
694.68
694.69
694.7
694.71
694.72
694.73
694.74
694.75
694.76
694.77
694.78
694.79
694.8
694.81
694.82
694.83
694.84
694.85
694.86
694.87
694.88
694.89
694.9
694.91
694.92
694.93
694.94
694.95
694.96
694.97
694.98
694.99
695
695.01
695.02
695.03
695.04
695.05
695.06
695.07
695.08
695.09
695.1
695.11
695.12
695.13
695.14
695.15
695.16
695.17
695.18
695.19
695.2
695.21
695.22
695.23
695.24
695.25
695.26
695.27
695.28
695.29
695.3
695.31
695.32
695.33
695.34
695.35
695.36
695.37
695.38
695.39
695.4
695.41
695.42
695.43
695.44
695.45
695.46
695.47
695.48
695.49
695.5
695.51
695.52
695.53
695.54
695.55
695.56
695.57
695.58
695.59
695.6
695.61
695.62
695.63
695.64
695.65
695.66
695.67
695.68
695.69
695.7
695.71
695.72
695.73
695.74
695.75
695.76
695.77
695.78
695.79
695.8
695.81
695.82
695.83
695.84
695.85
695.86
695.87
695.88
695.89
695.9
695.91
695.92
695.93
695.94
695.95
695.96
695.97
695.98
695.99
696
696.01
696.02
696.03
696.04
696.05
696.06
696.07
696.08
696.09
696.1
696.11
696.12
696.13
696.14
696.15
696.16
696.17
696.18
696.19
696.2
696.21
696.22
696.23
696.24
696.25
696.26
696.27
696.28
696.29
696.3
696.31
696.32
696.33
696.34
696.35
696.36
696.37
696.38
696.39
696.4
696.41
696.42
696.43
696.44
696.45
696.46
696.47
696.48
696.49
696.5
696.51
696.52
696.53
696.54
696.55
696.56
696.57
696.58
696.59
696.6
696.61
696.62
696.63
696.64
696.65
696.66
696.67
696.68
696.69
696.7
696.71
696.72
696.73
696.74
696.75
696.76
696.77
696.78
696.79
696.8
696.81
696.82
696.83
696.84
696.85
696.86
696.87
696.88
696.89
696.9
696.91
696.92
696.93
696.94
696.95
696.96
696.97
696.98
696.99
697
697.01
697.02
697.03
697.04
697.05
697.06
697.07
697.08
697.09
697.1
697.11
697.12
697.13
697.14
697.15
697.16
697.17
697.18
697.19
697.2
697.21
697.22
697.23
697.24
697.25
697.26
697.27
697.28
697.29
697.3
697.31
697.32
697.33
697.34
697.35
697.36
697.37
697.38
697.39
697.4
697.41
697.42
697.43
697.44
697.45
697.46
697.47
697.48
697.49
697.5
697.51
697.52
697.53
697.54
697.55
697.56
697.57
697.58
697.59
697.6
697.61
697.62
697.63
697.64
697.65
697.66
697.67
697.68
697.69
697.7
697.71
697.72
697.73
697.74
697.75
697.76
697.77
697.78
697.79
697.8
697.81
697.82
697.83
697.84
697.85
697.86
697.87
697.88
697.89
697.9
697.91
697.92
697.93
697.94
697.95
697.96
697.97
697.98
697.99
698
698.01
698.02
698.03
698.04
698.05
698.06
698.07
698.08
698.09
698.1
698.11
698.12
698.13
698.14
698.15
698.16
698.17
698.18
698.19
698.2
698.21
698.22
698.23
698.24
698.25
698.26
698.27
698.28
698.29
698.3
698.31
698.32
698.33
698.34
698.35
698.36
698.37
698.38
698.39
698.4
698.41
698.42
698.43
698.44
698.45
698.46
698.47
698.48
698.49
698.5
698.51
698.52
698.53
698.54
698.55
698.56
698.57
698.58
698.59
698.6
698.61
698.62
698.63
698.64
698.65
698.66
698.67
698.68
698.69
698.7
698.71
698.72
698.73
698.74
698.75
698.76
698.77
698.78
698.79
698.8
698.81
698.82
698.83
698.84
698.85
698.86
698.87
698.88
698.89
698.9
698.91
698.92
698.93
698.94
698.95
698.96
698.97
698.98
698.99
699
699.01
699.02
699.03
699.04
699.05
699.06
699.07
699.08
699.09
699.1
699.11
699.12
699.13
699.14
699.15
699.16
699.17
699.18
699.19
699.2
699.21
699.22
699.23
699.24
699.25
699.26
699.27
699.28
699.29
699.3
699.31
699.32
699.33
699.34
699.35
699.36
699.37
699.38
699.39
699.4
699.41
699.42
699.43
699.44
699.45
699.46
699.47
699.48
699.49
699.5
699.51
699.52
699.53
699.54
699.55
699.56
699.57
699.58
699.59
699.6
699.61
699.62
699.63
699.64
699.65
699.66
699.67
699.68
699.69
699.7
699.71
699.72
699.73
699.74
699.75
699.76
699.77
699.78
699.79
699.8
699.81
699.82
699.83
699.84
699.85
699.86
699.87
699.88
699.89
699.9
699.91
699.92
699.93
699.94
699.95
699.96
699.97
699.98
699.99
