250.0
250.1
250.2
250.3
250.4
250.5
250.6
250.7
250.8
250.9
251.0
251.1
251.2
251.3
251.4
251.5
251.6
251.7
251.8
251.9
252.0
252.1
252.2
252.3
252.4
252.5
252.6
252.7
252.8
252.9
253.0
253.1
253.2
253.3
253.4
253.5
253.6
253.7
253.8
253.9
254.0
254.1
254.2
254.3
254.4
254.5
254.6
254.7
254.8
254.9
255.0
255.1
255.2
255.3
255.4
255.5
255.6
255.7
255.8
255.9
256.0
256.1
256.2
256.3
256.4
256.5
256.6
256.7
256.8
256.9
257.0
257.1
257.2
257.3
257.4
257.5
257.6
257.7
257.8
257.9
258.0
258.1
258.2
258.3
258.4
258.5
258.6
258.7
258.8
258.9
259.0
259.1
259.2
259.3
259.4
259.5
259.6
259.7
259.8
259.9
260.0
260.1
260.2
260.3
260.4
260.5
260.6
260.7
260.8
260.9
261.0
261.1
261.2
261.3
261.4
261.5
261.6
261.7
261.8
261.9
262.0
262.1
262.2
262.3
262.4
262.5
262.6
262.7
262.8
262.9
263.0
263.1
263.2
263.3
263.4
263.5
263.6
263.7
263.8
263.9
264.0
264.1
264.2
264.3
264.4
264.5
264.6
264.7
264.8
264.9
265.0
265.1
265.2
265.3
265.4
265.5
265.6
265.7
265.8
265.9
266.0
266.1
266.2
266.3
266.4
266.5
266.6
266.7
266.8
266.9
267.0
267.1
267.2
267.3
267.4
267.5
267.6
267.7
267.8
267.9
268.0
268.1
268.2
268.3
268.4
268.5
268.6
268.7
268.8
268.9
269.0
269.1
269.2
269.3
269.4
269.5
269.6
269.7
269.8
269.9
270.0
270.1
270.2
270.3
270.4
270.5
270.6
270.7
270.8
270.9
271.0
271.1
271.2
271.3
271.4
271.5
271.6
271.7
271.8
271.9
272.0
272.1
272.2
272.3
272.4
272.5
272.6
272.7
272.8
272.9
273.0
273.1
273.2
273.3
273.4
273.5
273.6
273.7
273.8
273.9
274.0
274.1
274.2
274.3
274.4
274.5
274.6
274.7
274.8
274.9
275.0
275.1
275.2
275.3
275.4
275.5
275.6
275.7
275.8
275.9
276.0
276.1
276.2
276.3
276.4
276.5
276.6
276.7
276.8
276.9
277.0
277.1
277.2
277.3
277.4
277.5
277.6
277.7
277.8
277.9
278.0
278.1
278.2
278.3
278.4
278.5
278.6
278.7
278.8
278.9
279.0
279.1
279.2
279.3
279.4
279.5
279.6
279.7
279.8
279.9
280.0
280.1
280.2
280.3
280.4
280.5
280.6
280.7
280.8
280.9
281.0
281.1
281.2
281.3
281.4
281.5
281.6
281.7
281.8
281.9
282.0
282.1
282.2
282.3
282.4
282.5
282.6
282.7
282.8
282.9
283.0
283.1
283.2
283.3
283.4
283.5
283.6
283.7
283.8
283.9
284.0
284.1
284.2
284.3
284.4
284.5
284.6
284.7
284.8
284.9
285.0
285.1
285.2
285.3
285.4
285.5
285.6
285.7
285.8
285.9
286.0
286.1
286.2
286.3
286.4
286.5
286.6
286.7
286.8
286.9
287.0
287.1
287.2
287.3
287.4
287.5
287.6
287.7
287.8
287.9
288.0
288.1
288.2
288.3
288.4
288.5
288.6
288.7
288.8
288.9
289.0
289.1
289.2
289.3
289.4
289.5
289.6
289.7
289.8
289.9
290.0
290.1
290.2
290.3
290.4
290.5
290.6
290.7
290.8
290.9
291.0
291.1
291.2
291.3
291.4
291.5
291.6
291.7
291.8
291.9
292.0
292.1
292.2
292.3
292.4
292.5
292.6
292.7
292.8
292.9
293.0
293.1
293.2
293.3
293.4
293.5
293.6
293.7
293.8
293.9
294.0
294.1
294.2
294.3
294.4
294.5
294.6
294.7
294.8
294.9
295.0
295.1
295.2
295.3
295.4
295.5
295.6
295.7
295.8
295.9
296.0
296.1
296.2
296.3
296.4
296.5
296.6
296.7
296.8
296.9
297.0
297.1
297.2
297.3
297.4
297.5
297.6
297.7
297.8
297.9
298.0
298.1
298.2
298.3
298.4
298.5
298.6
298.7
298.8
298.9
299.0
299.1
299.2
299.3
299.4
299.5
299.6
299.7
299.8
299.9
300.0
300.1
300.2
300.3
300.4
300.5
300.6
300.7
300.8
300.9
301.0
301.1
301.2
301.3
301.4
301.5
301.6
301.7
301.8
301.9
302.0
302.1
302.2
302.3
302.4
302.5
302.6
302.7
302.8
302.9
303.0
303.1
303.2
303.3
303.4
303.5
303.6
303.7
303.8
303.9
304.0
304.1
304.2
304.3
304.4
304.5
304.6
304.7
304.8
304.9
305.0
305.1
305.2
305.3
305.4
305.5
305.6
305.7
305.8
305.9
306.0
306.1
306.2
306.3
306.4
306.5
306.6
306.7
306.8
306.9
307.0
307.1
307.2
307.3
307.4
307.5
307.6
307.7
307.8
307.9
308.0
308.1
308.2
308.3
308.4
308.5
308.6
308.7
308.8
308.9
309.0
309.1
309.2
309.3
309.4
309.5
309.6
309.7
309.8
309.9
310.0
310.1
310.2
310.3
310.4
310.5
310.6
310.7
310.8
310.9
311.0
311.1
311.2
311.3
311.4
311.5
311.6
311.7
311.8
311.9
312.0
312.1
312.2
312.3
312.4
312.5
312.6
312.7
312.8
312.9
313.0
313.1
313.2
313.3
313.4
313.5
313.6
313.7
313.8
313.9
314.0
314.1
314.2
314.3
314.4
314.5
314.6
314.7
314.8
314.9
315.0
315.1
315.2
315.3
315.4
315.5
315.6
315.7
315.8
315.9
316.0
316.1
316.2
316.3
316.4
316.5
316.6
316.7
316.8
316.9
317.0
317.1
317.2
317.3
317.4
317.5
317.6
317.7
317.8
317.9
318.0
318.1
318.2
318.3
318.4
318.5
318.6
318.7
318.8
318.9
319.0
319.1
319.2
319.3
319.4
319.5
319.6
319.7
319.8
319.9
320.0
