    120.000     0.00003     360.000 5.110260E+11 2.557000E+02 3.707650E+10 1.022800E+05 1.789900E+07 7.722140E+01
    115.000     0.00004     300.000 9.681328E+11 4.844000E+03 9.106720E+10 2.325120E+05 3.875200E+07 1.501640E+02
    110.000     0.00007     240.000 2.142688E+12 1.072000E+05 2.572800E+11 6.003200E+05 1.286400E+08 3.408960E+02
    105.000     0.00014     208.800 5.029784E+12 1.006600E+06 7.046200E+11 1.711220E+06 5.536300E+08 8.254120E+02
    100.000     0.00032     195.100 1.187967E+13 4.756001E+06 1.902400E+12 4.756001E+06 2.318550E+09 2.021300E+03
     95.000     0.00076     188.400 2.921760E+13 2.046800E+07 5.263200E+12 1.578960E+07 7.894800E+09 5.146240E+03
     90.000     0.00184     186.900 7.130506E+13 4.995200E+07 1.355840E+13 6.065600E+07 2.212160E+10 1.305888E+04
     85.000     0.00446     188.900 1.710073E+14 8.555000E+07 3.422000E+13 2.275630E+08 5.475200E+10 3.285120E+04
     80.000     0.01050     198.600 3.829322E+14 1.149600E+08 8.008879E+13 7.855600E+08 1.256896E+11 7.740640E+04
     75.000     0.02400     208.400 8.341139E+14 2.086750E+08 1.744523E+14 2.358028E+09 2.754510E+11 1.794605E+05
     70.000     0.05220     219.600 1.721670E+15 5.169000E+08 3.601070E+14 6.030500E+09 5.685899E+11 3.980130E+05
     65.000     0.10900     233.300 3.383947E+15 2.370200E+09 7.076740E+14 1.422120E+10 1.117380E+12 8.566580E+05
     60.000     0.21900     247.000 6.421832E+15 7.068600E+09 1.343034E+15 3.052350E+10 2.120580E+12 1.831410E+06
     55.000     0.42500     260.800 1.180302E+16 2.125800E+10 2.468290E+15 6.023100E+10 3.897300E+12 4.003590E+06
     50.000     0.79780     270.700 2.134605E+16 6.621600E+10 4.464240E+15 1.116060E+11 7.048799E+12 9.462480E+06
     47.500     1.09000     270.600 2.917498E+16 1.197200E+11 6.102800E+15 1.533000E+11 9.636000E+12 1.944720E+07
     45.000     1.49100     264.200 4.087489E+16 2.147250E+11 8.548099E+15 2.137025E+11 1.349700E+13 4.703500E+07
     42.500     2.06000     257.300 5.798815E+16 3.597860E+11 1.212827E+16 2.988545E+11 1.914990E+13 1.259251E+08
     40.000     2.87100     250.400 8.304447E+16 6.066300E+11 1.736790E+16 4.175775E+11 2.742300E+13 3.348930E+08
     37.500     4.15000     242.900 1.237464E+17 9.656401E+11 2.587420E+16 6.128100E+11 4.085400E+13 7.749880E+08
     35.000     5.74600     236.500 1.759731E+17 1.380096E+12 3.680490E+16 8.628900E+11 5.811300E+13 1.282008E+09
     32.500     8.01000     230.000 2.522415E+17 1.860945E+12 5.275160E+16 1.217830E+12 8.329200E+13 1.819804E+09
     30.000    11.97000     226.500 3.827699E+17 2.509799E+12 8.004700E+16 1.809675E+12 1.263900E+14 2.359280E+09
     27.500    17.43000     224.000 5.635873E+17 3.272892E+12 1.178760E+17 2.580300E+12 1.861200E+14 2.712840E+09
     25.000    25.49000     221.600 8.331283E+17 4.266877E+12 1.742433E+17 3.689123E+12 2.751210E+14 3.118038E+09
     24.000    29.72000     220.600 9.757872E+17 4.518265E+12 2.040885E+17 4.198950E+12 3.222450E+14 2.988090E+09
     23.000    34.67000     219.600 1.143492E+18 4.768192E+12 2.390960E+17 4.804800E+12 3.775200E+14 2.951520E+09
     22.000    40.47000     218.600 1.340895E+18 4.894274E+12 2.804780E+17 5.455230E+12 4.428600E+14 2.898720E+09
     21.000    47.29000     217.600 1.574064E+18 4.769100E+12 3.291750E+17 6.260625E+12 5.197500E+14 2.772000E+09
     20.000    55.29000     216.700 1.847990E+18 4.768571E+12 3.864410E+17 7.211100E+12 6.101700E+14 2.570110E+09
     19.000    64.67000     216.700 2.161503E+18 4.390890E+12 4.520670E+17 8.327550E+12 7.137900E+14 2.292780E+09
     18.000    75.65000     216.700 2.528494E+18 4.015110E+12 5.287700E+17 9.677249E+12 8.349000E+14 1.950630E+09
     17.000    88.50000     216.700 2.957987E+18 3.513520E+12 6.186399E+17 1.139600E+13 9.768000E+14 1.536240E+09
     16.915    89.68594     216.70072012     2.9976165891e+18     3.4682645705e+12     6.2693692845e+17     1.1503428746e+13     9.8990056885e+14         1499388870.1
     16.745    92.10456     216.70165934     3.0784404993e+18     3.3787155767e+12     6.4385877971e+17     1.1708521306e+13     1.0166192643e+15         1425561038.2
     16.575    94.58770     216.70200635     3.1614262264e+18      3.290841161e+12     6.6123164182e+17     1.1944599369e+13     1.0440500705e+15         1351721856.8
     16.405    97.138019885         216.70185206     3.2466643796e+18      3.205111833e+12     6.7907225683e+17     1.2264469425e+13     1.0722194278e+15         1278058621.2
     16.235    99.758155875         216.70128741     3.3342455681e+18     3.1219981023e+12     6.9739736678e+17     1.2720937966e+13     1.1011537765e+15         1204758627.1
     16.065    102.45076442         216.70040335     3.4242604009e+18     3.0419704785e+12     7.1622371373e+17     1.3366811483e+13     1.1308795571e+15           1132009170
     15.895    105.218456           216.69929857     3.5167975874e+18     2.9654927356e+12     7.3556784206e+17     1.4249359015e+13     1.1614228975e+15           1059988314
     15.725    108.06328379         216.69818012     3.6119193048e+18     2.8929345881e+12     7.5544353572e+17     1.5338518386e+13     1.1928055625e+15         988745204.42
     15.555    110.98689137         216.69733469     3.7096682338e+18     2.8245966328e+12     7.7586255026e+17     1.6547402898e+13     1.2250461109e+15         918234254.61
     15.385    113.99091288         216.69705079     3.8100866045e+18      2.760777869e+12     7.9683659432e+17     1.7787812199e+13     1.2581630271e+15         848407687.91
     15.215    117.07698245         216.69761695     3.9132166472e+18     2.7017772959e+12     8.1837737657e+17     1.8971545934e+13      1.292174796e+15         779217727.64
     15.045    120.24673422         216.6993217      4.0191005919e+18     2.6478939127e+12     8.4049660564e+17      2.001040375e+13      1.327099902e+15         710616597.13
     14.875    123.50186658         216.70235194     4.1277867863e+18      2.599303287e+12     8.6320712525e+17     2.0835981647e+13     1.3629586222e+15         642664861.99
     14.705    126.84466573         216.70596547     4.2393795193e+18     2.5550522951e+12     8.8653215841e+17     2.1560898546e+13     1.3997876241e+15         576413797.32
     14.535    130.27773294         216.70892198     4.3540130672e+18     2.5135827728e+12     9.1050049197e+17     2.2394811609e+13     1.4376323613e+15         513445752.94
     14.365    133.80367247         216.70997646     4.4718219918e+18     2.4733307973e+12     9.3514096578e+17     2.3548301615e+13     1.4765383712e+15         455348133.52
     14.195    137.42508859         216.70788388     4.5929408547e+18     2.4327324455e+12     9.6048241965e+17     2.5231949346e+13     1.5165511911e+15         403708343.71
     14.025    141.14458556         216.70139922     4.7175042179e+18     2.3902237945e+12     9.8655369342e+17     2.7656335582e+13     1.5577163583e+15         360113788.18
     13.855    144.96477629         216.68989141     4.8456236389e+18      2.344631927e+12     1.0133783346e+18     3.1002343924e+13     1.6000710537e+15         325813491.65
     13.685    148.88832771         216.67656819     4.9772668443e+18     2.2972286687e+12     1.0409468012e+18      3.526517786e+13     1.6436002109e+15         299940775.28
     13.515    152.91792757         216.66611799     5.1123460817e+18     2.2502288343e+12     1.0692367876e+18      4.036842013e+13     1.6882686105e+15         280812888.65
     13.345    157.05626367         216.66323239     5.2507734808e+18     2.2058492425e+12     1.0982259611e+18     4.6235501272e+13     1.7340409902e+15          266745347.1
     13.175    161.30602382         216.67260297     5.3924611713e+18     2.1663067123e+12     1.1278919893e+18     5.2789851823e+13     1.7808820878e+15         256053665.91
     13.005    165.66989583         216.69892132     5.5373212829e+18     2.1338180623e+12     1.1582125394e+18      5.995490232e+13     1.8287566411e+15         247053360.41
     12.835    170.15081794         216.74349402     5.6854024816e+18     2.1097153265e+12     1.1891947996e+18     6.7712553029e+13     1.8776759996e+15         238359851.72
     12.665     174.7528227         216.79283799     5.8373499836e+18      2.091464761e+12     1.2209749391e+18     7.6300168642e+13     1.9278551675e+15         229898901.61
     12.495    179.48024142         216.82943202     5.9939718856e+18     2.0754771189e+12     1.2537243443e+18     8.6024865241e+13     1.9795647545e+15         221954044.09
     12.325    184.33740541         216.83575483     6.1560762882e+18     2.0581631287e+12     1.2876144018e+18     9.7193760537e+13     2.0330753715e+15         214808821.56
     12.155    189.32864601          216.7942851     6.3244712921e+18     2.0359335189e+12     1.3228164987e+18     1.1011397224e+14     2.0886576297e+15         208746776.38
     11.985    194.45829409         216.68751138     6.4999646125e+18     2.0051995402e+12     1.3595019411e+18     1.2509263861e+14     2.1465820123e+15         204051385.43
     11.815    199.72988544         216.51632545     6.6826424881e+18     1.9633498739e+12     1.3976908823e+18     1.4247536749e+14     2.2068803404e+15         200883459.11
     11.645     205.1445102         216.33822192     6.8703721161e+18     1.9107794795e+12      1.436938575e+18     1.6272608736e+14     2.2688503814e+15         199026523.33
     11.475     210.7027899         216.22154222     7.0605954586e+18     1.8484594101e+12     1.4767111831e+18     1.8633140054e+14     2.3316492364e+15         198191804.95
     11.305    216.40534604         216.23462777     7.2507544776e+18     1.7773607185e+12     1.5164748706e+18     2.1377790932e+14     2.3944340061e+15         198090530.81
     11.135    222.25280014         216.44581996     7.4382911352e+18     1.6984544578e+12     1.5556958013e+18       2.45552216e+14     2.4563617914e+15         198433927.77
     10.965    228.24577148         216.92325882     7.6206543338e+18     1.6127153643e+12     1.5938415856e+18     2.8214080007e+14     2.5165919773e+15         198933823.27
     10.795    234.38443726            217.69542      7.796659742e+18     1.5218435741e+12     1.6306647064e+18     3.2400595717e+14      2.574733747e+15         199420323.49
     10.625    240.66800452         218.70372827     7.9681226553e+18     1.4291312501e+12     1.6665428526e+18     3.7155690682e+14     2.6313834515e+15         199983119.53
     10.455    247.09555147         219.87805067     8.1372566289e+18     1.3380819279e+12     1.7019367215e+18     4.2519582169e+14     2.6872685076e+15         200746367.54
     10.285    253.66615635         221.14825423     8.3062752183e+18     1.2521991435e+12     1.7373070104e+18     4.8532487442e+14     2.7431163322e+15         201834223.69
     10.115    260.37889736           222.444206     8.4773919788e+18     1.1749864326e+12     1.7731144168e+18     5.5234623764e+14     2.7996543423e+15         203370844.13
      9.945    267.23287524         223.69628503     8.6528044223e+18     1.1099073657e+12     1.8098162916e+18     6.2671986584e+14     2.8576046709e+15         205479075.14
      9.775    274.22864147         224.86787613     8.8336758477e+18     1.0578492039e+12     1.8476542612e+18      7.126305362e+14     2.9173488335e+15         208197324.16
      9.605    281.36905591         225.97488237     9.0195239323e+18     1.0155998315e+12     1.8865266954e+18     8.2018989645e+14     2.9787263611e+15         211429641.01
      9.435    288.65718416         227.03788719     9.2097196972e+18     9.7958179933e+11     1.9263013729e+18     9.6003779233e+14     3.0415284835e+15         215068101.69
      9.265    296.09609183         228.07747401     9.4036341632e+18     9.4621765846e+11     1.9668460726e+18     1.1428140696e+15     3.1055464304e+15         219004782.18
      9.095    303.68884452         229.11422627     9.6006383513e+18     9.1192995983e+11     2.0080285734e+18     1.3791585739e+15     3.1705714316e+15         223131758.46
      8.925    311.43851258         230.16834258     9.8001161836e+18     8.7323616237e+11     2.0497195222e+18     1.6793352556e+15     3.2363992456e+15         227343056.71
      8.755    319.34831334         231.24814653     1.0001849697e+19     8.2958248545e+11     2.0918780742e+18     2.0420083188e+15     3.3029653804e+15         231592883.41
      8.585    327.42163552         232.34811498     1.0206085143e+19     7.8383017501e+11     2.1345665877e+18     2.4523162998e+15     3.3703682963e+15         235905617.18
      8.415    335.66187749         233.46194277     1.0413094991e+19     7.3903335804e+11     2.1778532497e+18      2.894633804e+15     3.4387156574e+15         240309599.99
      8.245    344.07243763         234.58332472     1.0623151712e+19     6.9824616151e+11     2.2218062475e+18     3.3533354368e+15     3.5081151277e+15         244833173.79
      8.075    352.65671434         235.70595566     1.0836527775e+19     6.6452271241e+11     2.2664937683e+18     3.8127958034e+15     3.5786743711e+15         249504680.54
      7.905    361.41803705         236.82376294     1.1053485593e+19     6.4074914341e+11     2.3119806167e+18     4.2584974355e+15     3.6504957106e+15         254350874.91
      7.735    370.35851451         237.93479086     1.1274109472e+19     6.2683718879e+11     2.3582717061e+18     4.6955390881e+15     3.7235869043e+15         259370408.07
      7.565    379.47920862         239.04061447      1.149833098e+19     6.2014770944e+11     2.4053205868e+18     5.1458425833e+15     3.7978746108e+15         264537829.33
      7.395    388.78114733         240.14292325     1.1726076731e+19     6.1795890395e+11     2.4530791449e+18     5.6318749027e+15     3.8732828603e+15            269826907
      7.225    398.26535861         241.24340666     1.1957273344e+19      6.175489709e+11     2.5014992662e+18     6.1761030282e+15     3.9497356834e+15         275211409.37
      7.055    407.93287042         242.34375416     1.2191847433e+19     6.1619610886e+11     2.5505328366e+18     6.8009939414e+15     4.0271571104e+15         280665104.72
      6.885    417.78487853         243.44554471     1.2429734243e+19     6.1139801651e+11     2.6001377751e+18     7.5272642503e+15     4.1054806975e+15         286163794.93
      6.715    427.82446162         244.54911709     1.2670965832e+19     6.0311538669e+11     2.6503396977e+18     8.3559897474e+15     4.1847468912e+15         291706100.46
      6.545     438.0558817          245.6540307     1.2915635102e+19     5.9285681457e+11     2.7012067655e+18     9.2759026868e+15      4.265063314e+15         297304982.45
      6.375    448.48341916         246.75983284       1.31638359e+19     5.8215490737e+11     2.7528077996e+18     1.0275543842e+16     4.3465386309e+15         302973624.48
      6.205    459.11135436         247.86607084     1.3415662072e+19      5.725422723e+11     2.8052116209e+18     1.1343453986e+16     4.4292815066e+15         308725210.14
      6.035    469.94396768           248.972292     1.3671207463e+19     5.6555151659e+11     2.8584870505e+18     1.2468173891e+16      4.513400606e+15         314572923.02
      5.865    480.98538966         250.07809153     1.3930559329e+19      5.624902105e+11     2.9126936311e+18     1.3642001651e+16     4.5989899439e+15         320528331.98
      5.695    492.23862227         251.18342548      1.419375529e+19     5.6297098445e+11     2.9678210231e+18     1.4885534836e+16     4.6860331944e+15         326590843.86
      5.525    503.70615326         252.28841432     1.4460810349e+19     5.6583417702e+11     3.0238270452e+18     1.6232265552e+16     4.7744637555e+15         332754323.97
      5.355    515.39046775         253.39317935     1.4731739394e+19     5.6991620524e+11     3.0806693542e+18     1.7715751381e+16     4.8642147697e+15         339012609.49
      5.185    527.29405089         254.49784187     1.5006557312e+19     5.7405348615e+11     3.1383056071e+18     1.9369549902e+16     4.9552193796e+15         345359537.57
      5.015     539.4193878         255.60252317     1.5285278992e+19     5.7708243678e+11      3.196693461e+18     2.1227218698e+16     5.0474107278e+15         351788945.38
      4.845    551.76908751         256.70732512     1.5567923794e+19     5.7809780935e+11     3.2558008412e+18     2.3316193401e+16     5.1407381703e+15         358296040.82
      4.675     564.3464056          257.8122482     1.5854534421e+19     5.7754244932e+11     3.3156492585e+18     2.5631962952e+16     5.2352356713e+15          364883184.8
      4.505    577.15480783         258.91725993     1.6145161163e+19     5.7629750742e+11     3.3762776456e+18     2.8159629468e+16     5.3309647036e+15         371555063.88
      4.335    590.19776011         260.02232781     1.6439854316e+19     5.7524436849e+11     3.4377249446e+18     3.0884289517e+16     5.4279867546e+15         378316365.86
      4.165    603.47872833         261.12741933     1.6738664174e+19     5.7526441738e+11     3.5000300974e+18     3.3791039669e+16     5.5263633117e+15         385171778.55
      3.995    617.00117837           262.232502     1.7041641033e+19     5.7723903311e+11     3.5632320461e+18     3.6864976835e+16     5.6261558623e+15         392125989.75
      3.825    630.76872554          263.3375508     1.7348834619e+19     5.8179863143e+11     3.6273644335e+18     4.0105905556e+16     5.7274175266e+15         399183011.63
      3.655    644.78553225         264.44256817     1.7660292579e+19     5.8865447555e+11     3.6924414944e+18     4.3567497043e+16     5.8301707807e+15         406344382.03
      3.485     659.0558862         265.54756281     1.7976062084e+19     5.9730745651e+11     3.7584730217e+18     4.7315751307e+16     5.9344310869e+15         413611072.43
      3.315    673.58407505         266.65254342     1.8296190304e+19     6.0725846532e+11     3.8254688082e+18     5.1416668362e+16     6.0402139077e+15         420984054.32
      3.145    688.37438646         267.75751872      1.862072441e+19     6.1800839301e+11     3.8934386467e+18     5.5936248219e+16     6.1475347052e+15         428464299.19
      2.975    703.43110585         268.86249741     1.8949711546e+19     6.2905820034e+11      3.962392316e+18     6.0940407828e+16       6.25640892e+15         436052777.07
      2.805    718.75745303         269.96748544     1.9283187116e+19     6.3994165232e+11     4.0323330361e+18      6.645597889e+16      6.366841636e+15            443749769
      2.635    734.35388521         271.07248162     1.9621156078e+19     6.5027756057e+11     4.1032470223e+18      7.240846277e+16     6.4788110879e+15         451553769.78
      2.465    750.22041778         272.17748361     1.9963618523e+19     6.5969833885e+11     4.1751177703e+18     7.8707154336e+16     6.5922912162e+15         459462988.54
      2.295    766.35706609         273.28248909      2.031057454e+19     6.6783640091e+11     4.2479287756e+18     8.5261348455e+16     6.7072559615e+15         467475634.38
      2.125    782.76384553         274.38749573     2.0662024219e+19      6.743241605e+11     4.3216635341e+18     9.1980339992e+16     6.8236792643e+15         475589916.43
      1.955    799.44083088         275.49250121     2.1017968405e+19     6.7879666431e+11     4.3963057661e+18     9.8774006244e+16     6.9415354201e+15         483804068.45
      1.785    816.39433889         276.59750416     2.1378487356e+19     6.8116558298e+11      4.471862813e+18     1.0561341648e+17     7.0608360206e+15         492118914.05
      1.615    833.64233059           277.702505     2.1743809469e+19     6.8185862374e+11     4.5483860806e+18     1.1258379236e+17     7.1816622326e+15         500540108.07
      1.445    851.20404038         278.80750434      2.211417934e+19     6.8135992667e+11     4.6259317935e+18     1.1978283907e+17     7.3041028318e+15         509073833.69
      1.275    869.09870267          279.9125028     2.2489841567e+19     6.8015363185e+11     4.7045561761e+18      1.273082618e+17     7.4282465938e+15         517726274.12
      1.105    887.34555189         281.01750099     2.2871040747e+19     6.7872387935e+11     4.7843154529e+18     1.3525776571e+17      7.554182294e+15         526503612.53
      0.935    906.22299065             282.1225       2.32620333e+19       6.77929007e+11       4.86609475e+18       1.44122026e+17        7.6833075e+15            535503250
      0.765    925.63699235             283.2275       2.36613327e+19       6.77899733e+11       4.94959025e+18       1.53798494e+17        7.8151425e+15            544691750
      0.595    945.05099405             284.3325       2.40606321e+19       6.77870459e+11       5.03308575e+18       1.63474962e+17        7.9469775e+15            553880250
      0.425    964.46499575             285.4375       2.44599315e+19       6.77841185e+11       5.11658125e+18        1.7315143e+17        8.0788125e+15            563068750
      0.255    983.87899745             286.5425       2.48592309e+19       6.77811911e+11       5.20007675e+18       1.82827898e+17        8.2106475e+15            572257250
      0.085    1003.2929992             287.6475       2.52585303e+19       6.77782637e+11       5.28357225e+18       1.92504366e+17        8.3424825e+15            581445750
